Day 	Jan.	Feb.	Mar. 	Apr.	May	June 	July	Aug.	Sep. 	Oct.	Nov.	Dec.
01	0.80	0.88 	0.83	0.91	0.93 	0.99	1.00	0.96 	0.86	0.82	0.72 	0.70
02	0.87	0.94 	0.89	0.96	0.97 	1.00	0.99	0.90 	0.77	0.74	0.63 	0.61
03	0.93	0.97 	0.94	0.99	1.00 	0.98	0.95	0.82 	0.68	0.65	0.53 	0.52
04	0.97	0.99 	0.98	1.00	1.00 	0.93	0.88	0.73 	0.58	0.55	0.44 	0.43
05	0.99	1.00 	1.00	0.99	0.97 	0.86	0.79	0.63 	0.48	0.45	0.35 	0.33
06	1.00	0.98 	1.00	0.95	0.92 	0.77	0.69	0.52 	0.38	0.36	0.26 	0.24
07	0.99	0.95 	0.97	0.90	0.84 	0.66	0.59	0.42 	0.29	0.27	0.18 	0.16
08	0.96	0.90 	0.93	0.82	0.75 	0.55	0.48	0.33 	0.21	0.19	0.11 	0.09
09	0.91	0.83 	0.87	0.72	0.64 	0.44	0.37	0.24 	0.14	0.12	0.05 	0.04
10	0.85	0.74 	0.79	0.61	0.53 	0.34	0.28	0.16 	0.08	0.07	0.02 	0.01
11	0.78	0.65 	0.69	0.50	0.41 	0.24	0.19	0.10 	0.04	0.03	0.00 	0.00
12	0.69	0.54 	0.58	0.39	0.30 	0.16	0.12	0.05 	0.01	0.00	0.01 	0.03
13	0.59	0.43 	0.47	0.28	0.21 	0.09	0.07	0.02 	0.00	0.00	0.04 	0.07
14	0.49	0.32 	0.36	0.18	0.13 	0.04	0.03	0.00 	0.01	0.02	0.10 	0.15
15	0.38	0.22 	0.25	0.10	0.07 	0.01	0.01	0.01 	0.04	0.06	0.18 	0.24
16	0.27	0.13 	0.16	0.05	0.02 	0.00	0.00	0.03 	0.09	0.13	0.27 	0.35
17	0.18	0.06 	0.08	0.01	0.00 	0.01	0.02	0.07 	0.16	0.21	0.38 	0.46
18	0.10	0.02 	0.03	0.00	0.00 	0.04	0.05	0.12 	0.24	0.31	0.50 	0.57
19	0.04	0.00 	0.00	0.01	0.02 	0.08	0.10	0.19 	0.34	0.42	0.61 	0.67
20	0.01	0.02 	0.00	0.05	0.06 	0.14	0.16	0.28 	0.45	0.53	0.72 	0.77
21	0.01	0.06 	0.03	0.10	0.12 	0.21	0.24	0.38 	0.56	0.64	0.81 	0.85
22	0.03	0.12 	0.08	0.16	0.19 	0.29	0.33	0.48 	0.67	0.75	0.89 	0.92
23	0.09	0.20 	0.14	0.24	0.26 	0.38	0.42	0.59 	0.78	0.84	0.95 	0.96
24	0.16	0.29 	0.22	0.33	0.35 	0.48	0.53	0.70 	0.87	0.92	0.98 	0.99
25	0.25	0.38 	0.31	0.42	0.44 	0.58	0.63	0.80 	0.94	0.97	1.00 	1.00
26	0.35	0.48 	0.40	0.51	0.54 	0.68	0.74	0.89 	0.98	1.00	0.99 	0.99
27	0.45	0.57 	0.50	0.61	0.64 	0.78	0.83	0.95 	1.00	1.00	0.96 	0.96
28	0.55	0.67 	0.59	0.70	0.73 	0.86	0.91	0.99 	0.99	0.98	0.92 	0.91
29	0.65	0.75 	0.68	0.79	0.82 	0.93	0.97	1.00 	0.95	0.93	0.86 	0.85
30	0.74	-- 	0.77	0.86	0.89 	0.98	1.00	0.98 	0.90	0.87	0.79 	0.78
31	0.82	-- 	0.84	--	0.95 	--	0.99	0.93 	--	0.80	-- 	0.69
