Day 	Jan.	Feb.	Mar. 	Apr.	May	June 	July	Aug.	Sep. 	Oct.	Nov.	Dec.
01	0.60	0.48 	0.65	0.48	0.40 	0.21	0.15	0.05 	0.01	0.00	0.00 	0.01
02	0.51	0.38 	0.54	0.37	0.29 	0.13	0.08	0.02 	0.00	0.00	0.03 	0.04
03	0.41	0.28 	0.44	0.26	0.19 	0.06	0.04	0.00 	0.01	0.02	0.07 	0.09
04	0.31	0.18 	0.33	0.16	0.11 	0.02	0.01	0.00 	0.04	0.05	0.13 	0.17
05	0.22	0.10 	0.23	0.09	0.05 	0.00	0.00	0.03 	0.08	0.10	0.21 	0.26
06	0.14	0.04 	0.14	0.03	0.01 	0.01	0.02	0.06 	0.14	0.17	0.30 	0.36
07	0.07	0.01 	0.06	0.00	0.00 	0.03	0.05	0.12 	0.21	0.25	0.40 	0.47
08	0.02	0.00 	0.02	0.00	0.02 	0.08	0.10	0.18 	0.30	0.34	0.51 	0.59
09	0.00	0.03 	0.00	0.03	0.06 	0.14	0.16	0.26 	0.39	0.45	0.62 	0.70
10	0.01	0.08 	0.01	0.09	0.12 	0.21	0.24	0.35 	0.49	0.55	0.73 	0.79
11	0.05	0.16 	0.06	0.16	0.19 	0.30	0.32	0.45 	0.60	0.66	0.83 	0.88
12	0.12	0.25 	0.12	0.24	0.27 	0.39	0.41	0.55 	0.70	0.77	0.91 	0.94
13	0.20	0.36 	0.20	0.34	0.36 	0.48	0.51	0.65 	0.80	0.86	0.96 	0.98
14	0.30	0.46 	0.30	0.43	0.46 	0.58	0.61	0.75 	0.89	0.93	0.99 	1.00
15	0.41	0.57 	0.40	0.53	0.55 	0.67	0.70	0.84 	0.95	0.98	1.00 	0.99
16	0.52	0.66 	0.50	0.62	0.65 	0.76	0.79	0.91 	0.99	1.00	0.97 	0.96
17	0.62	0.75 	0.60	0.71	0.73 	0.84	0.87	0.97 	1.00	0.99	0.92 	0.91
18	0.72	0.83 	0.69	0.79	0.81 	0.91	0.94	1.00 	0.98	0.95	0.86 	0.84
19	0.81	0.90 	0.78	0.86	0.88 	0.96	0.98	1.00 	0.93	0.89	0.78 	0.76
20	0.88	0.95 	0.85	0.92	0.94 	0.99	1.00	0.96 	0.85	0.81	0.69 	0.68
21	0.94	0.98 	0.91	0.97	0.98 	1.00	0.99	0.91 	0.76	0.72	0.60 	0.59
22	0.97	1.00 	0.96	0.99	1.00 	0.98	0.95	0.82 	0.66	0.62	0.50 	0.49
23	0.99	1.00 	0.99	1.00	0.99 	0.93	0.89	0.73 	0.56	0.52	0.41 	0.40
24	1.00	0.98 	1.00	0.99	0.97 	0.87	0.80	0.62 	0.46	0.42	0.32 	0.31
25	0.98	0.94 	0.99	0.95	0.92 	0.78	0.70	0.51 	0.36	0.33	0.23 	0.22
26	0.95	0.89 	0.97	0.89	0.85 	0.67	0.59	0.41 	0.27	0.24	0.16 	0.15
27	0.90	0.82 	0.93	0.82	0.76 	0.56	0.48	0.31 	0.19	0.17	0.09 	0.08
28	0.84	0.74 	0.86	0.73	0.65 	0.45	0.37	0.22 	0.12	0.10	0.05 	0.04
29	0.76	-- 	0.79	0.63	0.54 	0.34	0.27	0.14 	0.06	0.05	0.01 	0.01
30	0.68	-- 	0.69	0.51	0.42 	0.24	0.18	0.08 	0.03	0.02	0.00 	0.00
31	0.58	-- 	0.59	--	0.31 	--	0.11	0.04 	--	0.00	-- 	0.02
