Day 	Jan.	Feb.	Mar. 	Apr.	May	June 	July	Aug.	Sep. 	Oct.	Nov.	Dec.
01	0.07	0.19 	0.08	0.21	0.26 	0.40	0.43	0.55 	0.67	0.71	0.85 	0.90
02	0.13	0.28 	0.15	0.31	0.36 	0.49	0.52	0.64 	0.77	0.81	0.93 	0.96
03	0.22	0.39 	0.25	0.41	0.46 	0.59	0.62	0.73 	0.85	0.89	0.98 	0.99
04	0.32	0.51 	0.35	0.52	0.56 	0.68	0.71	0.82 	0.92	0.95	1.00 	1.00
05	0.43	0.62 	0.46	0.62	0.65 	0.77	0.79	0.89 	0.97	0.99	0.99 	0.97
06	0.55	0.72 	0.57	0.71	0.74 	0.84	0.86	0.95 	1.00	1.00	0.95 	0.92
07	0.66	0.81 	0.67	0.80	0.82 	0.90	0.92	0.98 	1.00	0.98	0.89 	0.85
08	0.76	0.88 	0.76	0.87	0.89 	0.95	0.97	1.00 	0.97	0.93	0.80 	0.77
09	0.85	0.94 	0.84	0.93	0.94 	0.98	0.99	0.99 	0.91	0.85	0.71 	0.67
10	0.92	0.98 	0.91	0.97	0.98 	1.00	1.00	0.95 	0.83	0.76	0.61 	0.57
11	0.97	1.00 	0.96	0.99	1.00 	0.99	0.98	0.89 	0.73	0.66	0.50 	0.48
12	0.99	1.00 	0.99	1.00	1.00 	0.96	0.94	0.81 	0.62	0.55	0.40 	0.38
13	1.00	0.98 	1.00	0.99	0.98 	0.92	0.87	0.71 	0.51	0.44	0.31 	0.29
14	0.98	0.94 	0.99	0.96	0.94 	0.85	0.79	0.60 	0.40	0.34	0.22 	0.21
15	0.95	0.89 	0.97	0.91	0.89 	0.76	0.68	0.48 	0.30	0.25	0.15 	0.14
16	0.90	0.82 	0.93	0.85	0.82 	0.66	0.57	0.37 	0.21	0.17	0.09 	0.08
17	0.83	0.74 	0.88	0.78	0.73 	0.55	0.46	0.27 	0.13	0.10	0.04 	0.04
18	0.75	0.66 	0.81	0.69	0.63 	0.44	0.35	0.17 	0.07	0.05	0.01 	0.01
19	0.67	0.56 	0.72	0.59	0.52 	0.33	0.24	0.10 	0.03	0.02	0.00 	0.00
20	0.58	0.47 	0.63	0.48	0.41 	0.22	0.15	0.05 	0.00	0.00	0.01 	0.01
21	0.48	0.37 	0.53	0.37	0.30 	0.13	0.08	0.01 	0.00	0.00	0.03 	0.04
22	0.39	0.27 	0.43	0.27	0.20 	0.06	0.03	0.00 	0.02	0.02	0.07 	0.09
23	0.30	0.18 	0.33	0.17	0.11 	0.02	0.00	0.01 	0.05	0.06	0.13 	0.16
24	0.21	0.10 	0.23	0.09	0.05 	0.00	0.00	0.04 	0.10	0.11	0.21 	0.25
25	0.13	0.04 	0.14	0.03	0.01 	0.01	0.02	0.08 	0.16	0.18	0.29 	0.34
26	0.07	0.01 	0.07	0.00	0.00 	0.04	0.06	0.14 	0.24	0.26	0.39 	0.45
27	0.02	0.00 	0.02	0.01	0.02 	0.10	0.12	0.21 	0.32	0.35	0.50 	0.56
28	0.00	0.02 	0.00	0.04	0.07 	0.16	0.19	0.30 	0.41	0.45	0.61 	0.67
29	0.01	-- 	0.01	0.09	0.13 	0.24	0.27	0.39 	0.51	0.55	0.72 	0.78
30	0.04	-- 	0.05	0.17	0.21 	0.33	0.36	0.48 	0.61	0.66	0.81 	0.87
31	0.10	-- 	0.12	--	0.30 	--	0.45	0.58 	--	0.76	-- 	0.94
