Day 	Jan.	Feb.	Mar. 	Apr.	May	June 	July	Aug.	Sep. 	Oct.	Nov.	Dec.
01	0.98	1.00 	0.98	1.00	1.00 	0.97	0.96	0.87 	0.72	0.63	0.45 	0.39
02	1.00	0.98 	1.00	0.99	0.98 	0.93	0.91	0.79 	0.61	0.52	0.34 	0.30
03	0.99	0.94 	0.99	0.96	0.95 	0.88	0.84	0.69 	0.49	0.41	0.25 	0.21
04	0.95	0.88 	0.97	0.91	0.90 	0.81	0.76	0.58 	0.38	0.30	0.16 	0.14
05	0.90	0.81 	0.93	0.85	0.84 	0.72	0.66	0.47 	0.27	0.21	0.10 	0.08
06	0.83	0.73 	0.87	0.78	0.76 	0.63	0.56	0.36 	0.18	0.13	0.05 	0.04
07	0.74	0.64 	0.80	0.70	0.67 	0.52	0.44	0.25 	0.10	0.07	0.01 	0.01
08	0.65	0.55 	0.72	0.61	0.58 	0.41	0.33	0.16 	0.04	0.02	0.00 	0.00
09	0.56	0.45 	0.63	0.51	0.47 	0.30	0.23	0.08 	0.01	0.00	0.01 	0.01
10	0.46	0.36 	0.54	0.41	0.37 	0.20	0.14	0.03 	0.00	0.00	0.03 	0.04
11	0.37	0.27 	0.44	0.31	0.27 	0.12	0.06	0.00 	0.01	0.02	0.07 	0.08
12	0.28	0.19 	0.34	0.22	0.17 	0.05	0.02	0.00 	0.05	0.06	0.13 	0.14
13	0.20	0.12 	0.25	0.14	0.09 	0.01	0.00	0.03 	0.10	0.12	0.20 	0.21
14	0.13	0.06 	0.17	0.07	0.04 	0.00	0.01	0.08 	0.17	0.18	0.28 	0.30
15	0.07	0.02 	0.10	0.02	0.01 	0.02	0.05	0.14 	0.24	0.26	0.37 	0.40
16	0.03	0.00 	0.04	0.00	0.01 	0.07	0.11	0.22 	0.33	0.35	0.46 	0.50
17	0.01	0.01 	0.01	0.01	0.04 	0.14	0.18	0.31 	0.42	0.44	0.56 	0.60
18	0.00	0.04 	0.00	0.05	0.09 	0.23	0.27	0.40 	0.52	0.54	0.66 	0.71
19	0.02	0.09 	0.02	0.12	0.17 	0.32	0.37	0.49 	0.61	0.63	0.76 	0.81
20	0.06	0.17 	0.07	0.20	0.27 	0.42	0.46	0.59 	0.70	0.73	0.85 	0.89
21	0.12	0.27 	0.14	0.31	0.37 	0.53	0.56	0.68 	0.79	0.82	0.92 	0.95
22	0.20	0.37 	0.24	0.41	0.48 	0.62	0.65	0.77 	0.87	0.89	0.97 	0.99
23	0.30	0.49 	0.34	0.52	0.58 	0.71	0.74	0.84 	0.93	0.95	1.00 	1.00
24	0.41	0.60 	0.45	0.63	0.68 	0.80	0.82	0.91 	0.97	0.99	0.99 	0.98
25	0.52	0.71 	0.56	0.73	0.77 	0.87	0.89	0.96 	1.00	1.00	0.96 	0.92
26	0.64	0.80 	0.67	0.81	0.84 	0.92	0.94	0.99 	0.99	0.98	0.89 	0.85
27	0.74	0.88 	0.77	0.88	0.90 	0.97	0.98	1.00 	0.97	0.93	0.81 	0.76
28	0.84	0.94 	0.85	0.94	0.95 	0.99	1.00	0.99 	0.91	0.86	0.71 	0.66
29	0.91	-- 	0.92	0.97	0.98 	1.00	1.00	0.95 	0.84	0.77	0.61 	0.56
30	0.97	-- 	0.96	0.99	1.00 	0.99	0.98	0.89 	0.74	0.67	0.50 	0.46
31	0.99	-- 	0.99	--	0.99 	--	0.93	0.81 	--	0.56	-- 	0.36
