Day 	Jan.	Feb.	Mar. 	Apr.	May	June 	July	Aug.	Sep. 	Oct.	Nov.	Dec.
01	0.32	0.44 	0.29	0.45	0.53 	0.73	0.79	0.91 	0.97	0.98	1.00 	1.00
02	0.41	0.55 	0.39	0.56	0.65 	0.82	0.87	0.95 	0.99	1.00	0.99 	0.98
03	0.51	0.65 	0.49	0.67	0.75 	0.90	0.93	0.99 	1.00	1.00	0.97 	0.95
04	0.61	0.75 	0.60	0.78	0.84 	0.95	0.97	1.00 	0.99	0.98	0.92 	0.88
05	0.71	0.85 	0.71	0.87	0.92 	0.99	1.00	0.99 	0.96	0.94	0.85 	0.80
06	0.80	0.92 	0.81	0.94	0.97 	1.00	1.00	0.97 	0.91	0.89	0.77 	0.70
07	0.89	0.97 	0.89	0.98	0.99 	0.99	0.98	0.93 	0.85	0.82	0.67 	0.60
08	0.95	1.00 	0.96	1.00	1.00 	0.96	0.95	0.88 	0.77	0.73	0.56 	0.48
09	0.99	0.99 	0.99	0.99	0.98 	0.92	0.90	0.81 	0.68	0.63	0.45 	0.37
10	1.00	0.96 	1.00	0.95	0.94 	0.86	0.83	0.73 	0.58	0.52	0.33 	0.26
11	0.98	0.89 	0.97	0.90	0.88 	0.78	0.76	0.63 	0.48	0.41	0.23 	0.17
12	0.93	0.81 	0.93	0.83	0.81 	0.70	0.67	0.54 	0.37	0.30	0.14 	0.10
13	0.86	0.72 	0.86	0.75	0.72 	0.61	0.58	0.43 	0.26	0.20	0.07 	0.04
14	0.77	0.62 	0.78	0.66	0.63 	0.52	0.48	0.33 	0.17	0.11	0.02 	0.01
15	0.66	0.52 	0.68	0.56	0.54 	0.42	0.38	0.23 	0.09	0.05	0.00 	0.00
16	0.56	0.42 	0.59	0.47	0.45 	0.32	0.28	0.14 	0.03	0.01	0.01 	0.01
17	0.45	0.32 	0.49	0.37	0.35 	0.23	0.19	0.07 	0.00	0.00	0.04 	0.05
18	0.35	0.24 	0.39	0.29	0.26 	0.15	0.11	0.02 	0.01	0.02	0.09 	0.10
19	0.26	0.16 	0.30	0.20	0.18 	0.08	0.05	0.00 	0.04	0.06	0.15 	0.17
20	0.18	0.10 	0.22	0.13	0.11 	0.03	0.01	0.01 	0.10	0.13	0.23 	0.24
21	0.11	0.05 	0.15	0.07	0.05 	0.00	0.00	0.06 	0.17	0.21	0.32 	0.33
22	0.06	0.02 	0.09	0.03	0.02 	0.00	0.02	0.12 	0.26	0.30	0.41 	0.42
23	0.02	0.00 	0.04	0.01	0.00 	0.03	0.07	0.21 	0.36	0.39	0.50 	0.51
24	0.00	0.01 	0.01	0.00	0.01 	0.09	0.15	0.31 	0.46	0.49	0.60 	0.61
25	0.00	0.03 	0.00	0.02	0.05 	0.17	0.24	0.41 	0.56	0.58	0.69 	0.70
26	0.02	0.07 	0.01	0.06	0.11 	0.26	0.34	0.52 	0.66	0.68	0.77 	0.79
27	0.05	0.12 	0.04	0.13	0.19 	0.37	0.45	0.62 	0.74	0.76	0.85 	0.86
28	0.10	0.20 	0.09	0.21	0.29 	0.49	0.56	0.71 	0.82	0.84	0.91 	0.93
29	0.17	-- 	0.16	0.31	0.40 	0.60	0.67	0.80 	0.89	0.90	0.96 	0.97
30	0.25	-- 	0.24	0.42	0.51 	0.70	0.76	0.87 	0.94	0.95	0.99 	1.00
31	0.34	-- 	0.34	--	0.62 	--	0.84	0.93 	--	0.98	-- 	1.00
