Day 	Jan.	Feb.	Mar. 	Apr.	May	June 	July	Aug.	Sep. 	Oct.	Nov.	Dec.
01	0.97	0.87 	0.96	0.85	0.81 	0.69	0.66	0.54 	0.41	0.37	0.21 	0.15
02	0.91	0.78 	0.90	0.77	0.72 	0.60	0.57	0.45 	0.31	0.26	0.12 	0.08
03	0.84	0.67 	0.82	0.67	0.63 	0.50	0.47	0.35 	0.22	0.17	0.05 	0.02
04	0.74	0.56 	0.72	0.57	0.53 	0.41	0.38	0.26 	0.13	0.09	0.01 	0.00
05	0.63	0.45 	0.61	0.47	0.43 	0.32	0.29	0.17 	0.07	0.04	0.00 	0.01
06	0.52	0.35 	0.51	0.37	0.34 	0.23	0.20	0.10 	0.02	0.01	0.02 	0.04
07	0.41	0.25 	0.40	0.28	0.25 	0.16	0.13	0.04 	0.00	0.01	0.07 	0.09
08	0.30	0.17 	0.31	0.20	0.18 	0.09	0.07	0.01 	0.01	0.04	0.13 	0.16
09	0.21	0.10 	0.22	0.13	0.11 	0.04	0.02	0.00 	0.05	0.09	0.22 	0.25
10	0.13	0.05 	0.15	0.07	0.06 	0.01	0.00	0.02 	0.12	0.17	0.31 	0.34
11	0.07	0.02 	0.09	0.03	0.02 	0.00	0.00	0.07 	0.21	0.27	0.41 	0.44
12	0.02	0.00 	0.04	0.01	0.00 	0.01	0.03	0.14 	0.31	0.37	0.51 	0.53
13	0.00	0.01 	0.01	0.00	0.00 	0.05	0.09	0.24 	0.42	0.48	0.61 	0.63
14	0.00	0.03 	0.00	0.01	0.02 	0.10	0.16	0.34 	0.53	0.58	0.70 	0.72
15	0.02	0.07 	0.01	0.05	0.07 	0.18	0.26	0.45 	0.63	0.68	0.79 	0.80
16	0.06	0.12 	0.03	0.09	0.13 	0.28	0.36	0.57 	0.73	0.76	0.86 	0.87
17	0.11	0.19 	0.08	0.16	0.21 	0.38	0.48	0.67 	0.81	0.84	0.92 	0.93
18	0.18	0.27 	0.13	0.24	0.30 	0.50	0.59	0.77 	0.88	0.90	0.96 	0.97
19	0.25	0.35 	0.21	0.34	0.41 	0.61	0.70	0.85 	0.94	0.95	0.99 	0.99
20	0.34	0.45 	0.29	0.44	0.52 	0.72	0.80	0.92 	0.98	0.98	1.00 	1.00
21	0.43	0.55 	0.39	0.55	0.64 	0.82	0.88	0.96 	1.00	1.00	0.99 	0.98
22	0.53	0.65 	0.49	0.66	0.74 	0.90	0.94	0.99 	1.00	1.00	0.96 	0.95
23	0.62	0.75 	0.60	0.77	0.84 	0.96	0.98	1.00 	0.98	0.97	0.92 	0.89
24	0.72	0.84 	0.70	0.86	0.92 	0.99	1.00	0.99 	0.95	0.94	0.85 	0.81
25	0.81	0.92 	0.80	0.93	0.97 	1.00	0.99	0.96 	0.90	0.88	0.77 	0.72
26	0.89	0.97 	0.89	0.98	1.00 	0.99	0.97	0.91 	0.83	0.81	0.68 	0.62
27	0.95	1.00 	0.95	1.00	1.00 	0.95	0.93	0.85 	0.76	0.73	0.57 	0.50
28	0.99	0.99 	0.99	0.99	0.97 	0.90	0.87	0.78 	0.67	0.63	0.46 	0.39
29	1.00	-- 	1.00	0.95	0.92 	0.83	0.80	0.70 	0.57	0.53	0.35 	0.28
30	0.98	-- 	0.98	0.89	0.86 	0.75	0.72	0.61 	0.47	0.42	0.25 	0.18
31	0.94	-- 	0.93	--	0.78 	--	0.64	0.51 	--	0.31	-- 	0.10
