Day 	Jan.	Feb.	Mar. 	Apr.	May	June 	July	Aug.	Sep. 	Oct.	Nov.	Dec.
01	0.04	0.00 	0.05	0.01	0.00 	0.01	0.02	0.09 	0.23	0.30	0.48 	0.53
02	0.01	0.01 	0.01	0.00	0.00 	0.03	0.05	0.16 	0.33	0.41	0.59 	0.63
03	0.00	0.03 	0.00	0.01	0.02 	0.08	0.11	0.25 	0.44	0.52	0.69 	0.72
04	0.02	0.07 	0.01	0.04	0.05 	0.14	0.18	0.35 	0.56	0.63	0.78 	0.80
05	0.06	0.13 	0.04	0.09	0.11 	0.21	0.27	0.47 	0.67	0.73	0.85 	0.87
06	0.11	0.20 	0.08	0.15	0.17 	0.31	0.38	0.58 	0.77	0.82	0.92 	0.93
07	0.18	0.28 	0.14	0.22	0.26 	0.41	0.49	0.69 	0.85	0.89	0.96 	0.97
08	0.27	0.36 	0.21	0.31	0.35 	0.52	0.60	0.79 	0.92	0.95	0.99 	0.99
09	0.36	0.46 	0.29	0.40	0.45 	0.63	0.71	0.88 	0.97	0.98	1.00 	1.00
10	0.45	0.55 	0.38	0.50	0.56 	0.74	0.81	0.94 	0.99	1.00	0.99 	0.99
11	0.54	0.65 	0.47	0.61	0.66 	0.83	0.89	0.98 	1.00	1.00	0.97 	0.96
12	0.64	0.74 	0.57	0.71	0.77 	0.91	0.96	1.00 	0.98	0.97	0.92 	0.91
13	0.72	0.82 	0.67	0.80	0.86 	0.97	0.99	0.99 	0.95	0.94	0.87 	0.85
14	0.81	0.89 	0.76	0.89	0.93 	1.00	1.00	0.96 	0.90	0.88	0.80 	0.77
15	0.88	0.95 	0.85	0.95	0.98 	1.00	0.98	0.91 	0.83	0.81	0.71 	0.68
16	0.93	0.99 	0.92	0.99	1.00 	0.97	0.94	0.85 	0.75	0.74	0.62 	0.58
17	0.98	1.00 	0.97	1.00	0.99 	0.91	0.88	0.77 	0.67	0.65	0.52 	0.47
18	1.00	0.98 	1.00	0.98	0.95 	0.84	0.80	0.69 	0.58	0.55	0.42 	0.36
19	0.99	0.94 	0.99	0.93	0.89 	0.75	0.72	0.60 	0.48	0.45	0.31 	0.26
20	0.97	0.88 	0.96	0.86	0.80 	0.66	0.62	0.50 	0.39	0.35	0.21 	0.16
21	0.92	0.79 	0.91	0.76	0.71 	0.56	0.53	0.41 	0.29	0.26	0.13 	0.09
22	0.85	0.69 	0.82	0.66	0.61 	0.46	0.43	0.32 	0.20	0.17	0.06 	0.03
23	0.76	0.58 	0.73	0.56	0.50 	0.37	0.34	0.23 	0.12	0.09	0.01 	0.00
24	0.65	0.47 	0.62	0.45	0.40 	0.28	0.26	0.15 	0.06	0.04	0.00 	0.01
25	0.54	0.36 	0.51	0.35	0.31 	0.20	0.18	0.09 	0.02	0.00	0.02 	0.04
26	0.43	0.26 	0.40	0.26	0.22 	0.13	0.11	0.04 	0.00	0.00	0.06 	0.10
27	0.32	0.17 	0.30	0.18	0.15 	0.07	0.06	0.01 	0.01	0.03	0.13 	0.17
28	0.22	0.10 	0.21	0.11	0.09 	0.03	0.02	0.00 	0.05	0.09	0.22 	0.26
29	0.13	-- 	0.14	0.06	0.04 	0.01	0.00	0.02 	0.11	0.17	0.32 	0.36
30	0.07	-- 	0.07	0.02	0.01 	0.00	0.01	0.07 	0.20	0.27	0.43 	0.46
31	0.02	-- 	0.03	--	0.00 	--	0.04	0.14 	--	0.37	-- 	0.56
