Day 	Jan.	Feb.	Mar. 	Apr.	May	June 	July	Aug.	Sep. 	Oct.	Nov.	Dec.
01	0.65	0.75 	0.67	0.78	0.81 	0.93	0.97	1.00 	0.95	0.93	0.86 	0.85
02	0.74	0.83 	0.76	0.86	0.89 	0.98	1.00	0.98 	0.90	0.88	0.79 	0.78
03	0.82	0.89 	0.84	0.92	0.95 	1.00	0.99	0.93 	0.83	0.81	0.71 	0.69
04	0.88	0.94 	0.90	0.97	0.99 	0.99	0.96	0.86 	0.75	0.72	0.62 	0.60
05	0.94	0.98 	0.95	1.00	1.00 	0.95	0.91	0.78 	0.66	0.63	0.52 	0.50
06	0.97	1.00 	0.99	1.00	0.98 	0.88	0.83	0.69 	0.56	0.54	0.43 	0.40
07	0.99	0.99 	1.00	0.97	0.93 	0.80	0.74	0.59 	0.47	0.45	0.33 	0.31
08	1.00	0.97 	0.99	0.91	0.86 	0.70	0.64	0.49 	0.37	0.35	0.24 	0.21
09	0.98	0.92 	0.95	0.84	0.77 	0.59	0.53	0.40 	0.28	0.26	0.16 	0.13
10	0.94	0.86 	0.89	0.74	0.66 	0.48	0.43	0.31 	0.20	0.18	0.09 	0.06
11	0.89	0.77 	0.81	0.63	0.55 	0.38	0.34	0.22 	0.13	0.11	0.03 	0.02
12	0.82	0.67 	0.71	0.52	0.44 	0.29	0.25	0.15 	0.07	0.05	0.01 	0.00
13	0.73	0.57 	0.60	0.41	0.34 	0.20	0.17	0.09 	0.03	0.02	0.00 	0.02
14	0.63	0.45 	0.49	0.30	0.24 	0.13	0.11	0.04 	0.01	0.00	0.03 	0.06
15	0.52	0.34 	0.37	0.21	0.16 	0.07	0.06	0.01 	0.00	0.01	0.08 	0.13
16	0.41	0.24 	0.27	0.13	0.09 	0.03	0.02	0.00 	0.02	0.05	0.16 	0.22
17	0.30	0.15 	0.18	0.07	0.04 	0.01	0.00	0.01 	0.07	0.11	0.26 	0.32
18	0.20	0.07 	0.10	0.02	0.01 	0.00	0.00	0.04 	0.13	0.19	0.36 	0.43
19	0.12	0.03 	0.04	0.00	0.00 	0.01	0.02	0.09 	0.22	0.29	0.47 	0.53
20	0.05	0.00 	0.01	0.00	0.01 	0.04	0.06	0.16 	0.32	0.40	0.58 	0.64
21	0.01	0.01 	0.00	0.02	0.03 	0.09	0.12	0.24 	0.43	0.51	0.69 	0.73
22	0.00	0.03 	0.01	0.06	0.07 	0.15	0.19	0.34 	0.54	0.62	0.78 	0.81
23	0.02	0.08 	0.04	0.11	0.13 	0.23	0.28	0.45 	0.65	0.73	0.86 	0.88
24	0.06	0.14 	0.09	0.17	0.20 	0.32	0.38	0.57 	0.76	0.82	0.92 	0.94
25	0.12	0.22 	0.16	0.25	0.28 	0.42	0.48	0.68 	0.85	0.90	0.97 	0.98
26	0.20	0.30 	0.23	0.34	0.37 	0.52	0.60	0.78 	0.92	0.95	0.99 	1.00
27	0.29	0.39 	0.32	0.43	0.47 	0.63	0.70	0.87 	0.97	0.99	1.00 	1.00
28	0.38	0.49 	0.41	0.53	0.57 	0.73	0.80	0.94 	1.00	1.00	0.99 	0.98
29	0.48	0.58 	0.50	0.63	0.67 	0.83	0.89	0.98 	1.00	0.99	0.96 	0.95
30	0.57	-- 	0.60	0.72	0.77 	0.91	0.95	1.00 	0.98	0.97	0.91 	0.90
31	0.66	-- 	0.69	--	0.86 	--	0.99	0.99 	--	0.92	-- 	0.84
