Day 	Jan.	Feb.	Mar. 	Apr.	May	June 	July	Aug.	Sep. 	Oct.	Nov.	Dec.
01	0.76	0.64 	0.78	0.62	0.53 	0.34	0.27	0.15 	0.07	0.06	0.01 	0.01
02	0.67	0.53 	0.69	0.51	0.42 	0.24	0.19	0.09 	0.03	0.02	0.00 	0.00
03	0.58	0.43 	0.58	0.39	0.31 	0.15	0.11	0.04 	0.01	0.00	0.01 	0.03
04	0.47	0.32 	0.47	0.28	0.21 	0.09	0.06	0.01 	0.00	0.00	0.04 	0.08
05	0.37	0.22 	0.36	0.18	0.13 	0.04	0.02	0.00 	0.01	0.03	0.10 	0.15
06	0.27	0.13 	0.25	0.10	0.06 	0.01	0.00	0.01 	0.05	0.07	0.18 	0.24
07	0.17	0.06 	0.16	0.04	0.02 	0.00	0.00	0.03 	0.10	0.13	0.27 	0.34
08	0.09	0.02 	0.08	0.01	0.00 	0.01	0.02	0.07 	0.16	0.21	0.38 	0.46
09	0.04	0.00 	0.03	0.00	0.00 	0.04	0.06	0.13 	0.25	0.31	0.49 	0.57
10	0.01	0.02 	0.00	0.02	0.03 	0.09	0.11	0.20 	0.34	0.41	0.61 	0.68
11	0.01	0.06 	0.01	0.05	0.07 	0.15	0.17	0.29 	0.45	0.52	0.71 	0.77
12	0.04	0.13 	0.03	0.11	0.13 	0.22	0.25	0.39 	0.56	0.64	0.81 	0.86
13	0.09	0.21 	0.09	0.18	0.20 	0.31	0.34	0.49 	0.67	0.75	0.89 	0.92
14	0.17	0.30 	0.16	0.26	0.28 	0.40	0.44	0.60 	0.77	0.84	0.95 	0.97
15	0.27	0.40 	0.24	0.35	0.37 	0.50	0.54	0.70 	0.86	0.92	0.99 	0.99
16	0.37	0.50 	0.33	0.44	0.47 	0.59	0.64	0.80 	0.94	0.97	1.00 	1.00
17	0.47	0.60 	0.42	0.54	0.56 	0.69	0.74	0.89 	0.98	1.00	0.99 	0.98
18	0.57	0.69 	0.52	0.63	0.66 	0.78	0.83	0.95 	1.00	1.00	0.96 	0.95
19	0.67	0.77 	0.61	0.72	0.75 	0.87	0.91	0.99 	0.99	0.97	0.91 	0.89
20	0.76	0.85 	0.70	0.80	0.83 	0.93	0.97	1.00 	0.95	0.92	0.84 	0.83
21	0.83	0.91 	0.79	0.88	0.90 	0.98	0.99	0.98 	0.89	0.86	0.76 	0.75
22	0.90	0.95 	0.86	0.94	0.96 	1.00	0.99	0.93 	0.81	0.78	0.68 	0.67
23	0.95	0.98 	0.92	0.98	0.99 	0.99	0.96	0.85 	0.72	0.69	0.59 	0.58
24	0.98	1.00 	0.96	1.00	1.00 	0.95	0.90	0.77 	0.63	0.60	0.49 	0.48
25	1.00	0.99 	0.99	1.00	0.98 	0.88	0.82	0.67 	0.53	0.51	0.40 	0.39
26	1.00	0.97 	1.00	0.97	0.93 	0.80	0.73	0.57 	0.43	0.41	0.31 	0.29
27	0.98	0.92 	0.99	0.92	0.86 	0.70	0.62	0.46 	0.34	0.32	0.22 	0.20
28	0.94	0.86 	0.95	0.84	0.77 	0.59	0.52	0.37 	0.25	0.24	0.15 	0.13
29	0.89	-- 	0.89	0.75	0.67 	0.48	0.41	0.28 	0.17	0.16	0.08 	0.06
30	0.82	-- 	0.82	0.65	0.56 	0.37	0.31	0.20 	0.11	0.09	0.03 	0.02
31	0.73	-- 	0.72	--	0.44 	--	0.23	0.13 	--	0.04	-- 	0.00
