Day 	Jan.	Feb.	Mar. 	Apr.	May	June 	July	Aug.	Sep. 	Oct.	Nov.	Dec.
01	0.01	0.09 	0.01	0.09	0.13 	0.23	0.26	0.37 	0.51	0.56	0.73 	0.79
02	0.05	0.16 	0.06	0.17	0.20 	0.32	0.34	0.47 	0.61	0.67	0.83 	0.88
03	0.12	0.26 	0.13	0.26	0.29 	0.41	0.44	0.56 	0.71	0.77	0.91 	0.94
04	0.20	0.36 	0.21	0.35	0.38 	0.50	0.53	0.66 	0.81	0.86	0.97 	0.98
05	0.30	0.47 	0.31	0.45	0.48 	0.60	0.63	0.76 	0.89	0.93	0.99 	1.00
06	0.41	0.58 	0.41	0.55	0.58 	0.69	0.72	0.84 	0.95	0.98	1.00 	0.99
07	0.52	0.68 	0.52	0.64	0.67 	0.78	0.80	0.92 	0.99	1.00	0.97 	0.95
08	0.63	0.77 	0.62	0.73	0.75 	0.85	0.88	0.97 	1.00	0.99	0.92 	0.89
09	0.73	0.84 	0.71	0.81	0.83 	0.92	0.94	1.00 	0.98	0.95	0.85 	0.82
10	0.82	0.91 	0.79	0.88	0.90 	0.96	0.98	1.00 	0.93	0.88	0.76 	0.74
11	0.89	0.96 	0.86	0.93	0.95 	0.99	1.00	0.96 	0.85	0.80	0.67 	0.65
12	0.94	0.99 	0.92	0.97	0.98 	1.00	0.99	0.91 	0.76	0.71	0.57 	0.56
13	0.98	1.00 	0.96	1.00	1.00 	0.98	0.95	0.83 	0.66	0.61	0.48 	0.46
14	1.00	0.99 	0.99	1.00	0.99 	0.94	0.89	0.73 	0.55	0.50	0.38 	0.37
15	1.00	0.97 	1.00	0.98	0.97 	0.87	0.80	0.62 	0.45	0.40	0.29 	0.28
16	0.98	0.93 	0.99	0.95	0.92 	0.78	0.70	0.51 	0.35	0.31	0.21 	0.20
17	0.94	0.88 	0.96	0.89	0.85 	0.68	0.59	0.40 	0.25	0.23	0.14 	0.13
18	0.89	0.81 	0.92	0.82	0.76 	0.57	0.48	0.30 	0.17	0.15	0.08 	0.07
19	0.82	0.73 	0.86	0.73	0.66 	0.45	0.37	0.21 	0.11	0.09	0.04 	0.03
20	0.74	0.63 	0.78	0.63	0.55 	0.34	0.27	0.13 	0.05	0.04	0.01 	0.01
21	0.66	0.53 	0.69	0.52	0.43 	0.24	0.18	0.07 	0.02	0.01	0.00 	0.00
22	0.56	0.43 	0.59	0.40	0.32 	0.15	0.10	0.03 	0.00	0.00	0.01 	0.02
23	0.46	0.32 	0.48	0.29	0.22 	0.08	0.05	0.01 	0.00	0.01	0.05 	0.07
24	0.36	0.22 	0.37	0.19	0.13 	0.03	0.02	0.00 	0.02	0.03	0.10 	0.14
25	0.27	0.13 	0.26	0.11	0.06 	0.01	0.00	0.01 	0.06	0.07	0.17 	0.22
26	0.18	0.06 	0.17	0.05	0.02 	0.00	0.01	0.04 	0.11	0.14	0.26 	0.32
27	0.10	0.02 	0.09	0.01	0.00 	0.02	0.03	0.09 	0.18	0.21	0.36 	0.43
28	0.04	0.00 	0.03	0.00	0.01 	0.06	0.07	0.15 	0.26	0.30	0.47 	0.54
29	0.01	-- 	0.00	0.02	0.04 	0.11	0.13	0.23 	0.35	0.40	0.58 	0.66
30	0.00	-- 	0.00	0.06	0.09 	0.18	0.20	0.31 	0.45	0.51	0.69 	0.76
31	0.03	-- 	0.04	--	0.15 	--	0.28	0.41 	--	0.62	-- 	0.85
