Day 	Jan.	Feb.	Mar. 	Apr.	May	June 	July	Aug.	Sep. 	Oct.	Nov.	Dec.
01	0.92	0.98 	0.92	0.97	0.98 	1.00	1.00	0.95 	0.83	0.76	0.60 	0.55
02	0.97	1.00 	0.96	1.00	1.00 	0.99	0.98	0.89 	0.73	0.66	0.49 	0.45
03	0.99	0.99 	0.99	1.00	1.00 	0.96	0.93	0.81 	0.63	0.55	0.39 	0.36
04	1.00	0.97 	1.00	0.98	0.98 	0.91	0.87	0.71 	0.51	0.44	0.29 	0.27
05	0.98	0.93 	0.99	0.95	0.94 	0.84	0.79	0.60 	0.40	0.33	0.21 	0.19
06	0.94	0.87 	0.96	0.91	0.88 	0.76	0.69	0.49 	0.30	0.24	0.14 	0.12
07	0.88	0.80 	0.92	0.84	0.81 	0.66	0.58	0.38 	0.20	0.16	0.08 	0.07
08	0.81	0.72 	0.86	0.77	0.72 	0.56	0.47	0.27 	0.12	0.09	0.04 	0.03
09	0.73	0.63 	0.79	0.68	0.63 	0.44	0.35	0.18 	0.06	0.04	0.01 	0.01
10	0.64	0.54 	0.71	0.58	0.52 	0.33	0.25	0.10 	0.02	0.01	0.00 	0.00
11	0.55	0.44 	0.62	0.48	0.41 	0.23	0.16	0.04 	0.00	0.00	0.01 	0.02
12	0.46	0.35 	0.52	0.37	0.30 	0.14	0.08	0.01 	0.00	0.01	0.04 	0.05
13	0.36	0.25 	0.42	0.27	0.20 	0.07	0.03	0.00 	0.02	0.03	0.08 	0.10
14	0.27	0.17 	0.32	0.17	0.12 	0.02	0.00	0.01 	0.06	0.07	0.14 	0.17
15	0.19	0.09 	0.22	0.09	0.05 	0.00	0.00	0.04 	0.11	0.13	0.22 	0.25
16	0.12	0.04 	0.13	0.03	0.01 	0.01	0.03	0.09 	0.18	0.20	0.31 	0.35
17	0.06	0.01 	0.06	0.00	0.00 	0.05	0.07	0.16 	0.25	0.28	0.40 	0.45
18	0.02	0.00 	0.02	0.01	0.02 	0.10	0.13	0.23 	0.34	0.37	0.51 	0.56
19	0.00	0.03 	0.00	0.04	0.07 	0.18	0.21	0.32 	0.43	0.47	0.61 	0.67
20	0.01	0.08 	0.01	0.09	0.14 	0.26	0.29	0.41 	0.53	0.57	0.72 	0.78
21	0.04	0.15 	0.05	0.17	0.22 	0.35	0.38	0.50 	0.63	0.67	0.82 	0.87
22	0.10	0.25 	0.12	0.27	0.32 	0.45	0.48	0.60 	0.73	0.77	0.90 	0.94
23	0.19	0.35 	0.21	0.37	0.41 	0.54	0.57	0.69 	0.82	0.86	0.96 	0.98
24	0.28	0.46 	0.31	0.47	0.51 	0.64	0.66	0.78 	0.89	0.93	0.99 	1.00
25	0.39	0.57 	0.42	0.57	0.61 	0.73	0.75	0.86 	0.95	0.98	1.00 	0.99
26	0.51	0.68 	0.53	0.67	0.70 	0.81	0.83	0.93 	0.99	1.00	0.97 	0.95
27	0.62	0.77 	0.63	0.76	0.78 	0.87	0.90	0.97 	1.00	0.99	0.92 	0.89
28	0.72	0.85 	0.73	0.83	0.85 	0.93	0.95	1.00 	0.98	0.95	0.84 	0.81
29	0.81	-- 	0.81	0.90	0.91 	0.97	0.99	1.00 	0.93	0.88	0.75 	0.72
30	0.89	-- 	0.88	0.95	0.96 	0.99	1.00	0.97 	0.86	0.80	0.66 	0.63
31	0.95	-- 	0.94	--	0.99 	--	0.99	0.91 	--	0.70	-- 	0.53
