Day 	Jan.	Feb.	Mar. 	Apr.	May	June 	July	Aug.	Sep. 	Oct.	Nov.	Dec.
01	0.44	0.34 	0.42	0.30	0.26 	0.12	0.07	0.00 	0.02	0.03	0.09 	0.09
02	0.34	0.25 	0.32	0.21	0.17 	0.05	0.02	0.00 	0.05	0.07	0.15 	0.16
03	0.26	0.17 	0.23	0.13	0.09 	0.01	0.00	0.03 	0.11	0.13	0.22 	0.23
04	0.18	0.10 	0.15	0.06	0.04 	0.00	0.01	0.08 	0.18	0.20	0.30 	0.32
05	0.11	0.05 	0.09	0.02	0.01 	0.02	0.05	0.15 	0.26	0.28	0.39 	0.41
06	0.06	0.02 	0.04	0.00	0.01 	0.07	0.11	0.23 	0.35	0.37	0.48 	0.51
07	0.02	0.00 	0.01	0.01	0.04 	0.14	0.19	0.32 	0.45	0.47	0.58 	0.62
08	0.00	0.01 	0.00	0.05	0.09 	0.23	0.28	0.42 	0.54	0.56	0.68 	0.72
09	0.00	0.04 	0.02	0.12	0.17 	0.33	0.38	0.52 	0.63	0.66	0.77 	0.81
10	0.02	0.10 	0.07	0.20	0.27 	0.44	0.48	0.61 	0.72	0.75	0.86 	0.89
11	0.07	0.17 	0.14	0.31	0.38 	0.54	0.58	0.70 	0.81	0.83	0.93 	0.96
12	0.13	0.26 	0.23	0.42	0.48 	0.64	0.67	0.78 	0.88	0.90	0.98 	0.99
13	0.21	0.37 	0.34	0.53	0.59 	0.73	0.76	0.86 	0.94	0.96	1.00 	1.00
14	0.30	0.48 	0.45	0.63	0.69 	0.81	0.83	0.92 	0.98	0.99	0.99 	0.97
15	0.41	0.60 	0.56	0.73	0.78 	0.88	0.90	0.96 	1.00	1.00	0.95 	0.92
16	0.52	0.71 	0.67	0.82	0.85 	0.93	0.95	0.99 	0.99	0.98	0.89 	0.85
17	0.63	0.80 	0.77	0.89	0.91 	0.97	0.98	1.00 	0.97	0.93	0.81 	0.75
18	0.74	0.89 	0.85	0.94	0.96 	0.99	1.00	0.99 	0.91	0.86	0.71 	0.65
19	0.84	0.95 	0.92	0.98	0.99 	1.00	1.00	0.95 	0.84	0.77	0.60 	0.55
20	0.91	0.98 	0.97	1.00	1.00 	0.98	0.97	0.89 	0.75	0.67	0.49 	0.44
21	0.97	1.00 	0.99	1.00	0.99 	0.95	0.93	0.81 	0.64	0.56	0.38 	0.34
22	1.00	0.99 	1.00	0.98	0.97 	0.90	0.87	0.72 	0.53	0.45	0.29 	0.25
23	1.00	0.96 	0.98	0.94	0.92 	0.84	0.79	0.61 	0.41	0.34	0.20 	0.18
24	0.97	0.92 	0.95	0.89	0.87 	0.75	0.69	0.50 	0.30	0.24	0.13 	0.11
25	0.93	0.85 	0.90	0.82	0.80 	0.66	0.59	0.39 	0.21	0.16	0.07 	0.06
26	0.87	0.78 	0.84	0.74	0.71 	0.56	0.48	0.28 	0.12	0.09	0.03 	0.02
27	0.79	0.69 	0.76	0.66	0.62 	0.45	0.36	0.18 	0.06	0.04	0.01 	0.00
28	0.71	0.60 	0.68	0.56	0.51 	0.34	0.26	0.10 	0.02	0.01	0.00 	0.00
29	0.62	0.51 	0.59	0.46	0.41 	0.23	0.16	0.04 	0.00	0.00	0.02 	0.02
30	0.52	-- 	0.49	0.36	0.30 	0.14	0.08	0.01 	0.01	0.01	0.05 	0.05
31	0.43	-- 	0.39	--	0.20 	--	0.03	0.00 	--	0.04	-- 	0.11
