Day 	Jan.	Feb.	Mar. 	Apr.	May	June 	July	Aug.	Sep. 	Oct.	Nov.	Dec.
01	0.17	0.29 	0.16	0.32	0.40 	0.60	0.66	0.79 	0.88	0.90	0.96 	0.98
02	0.25	0.40 	0.25	0.43	0.52 	0.70	0.75	0.86 	0.93	0.95	0.99 	1.00
03	0.35	0.50 	0.35	0.55	0.63 	0.79	0.83	0.92 	0.97	0.98	1.00 	0.99
04	0.45	0.62 	0.46	0.66	0.73 	0.87	0.90	0.96 	1.00	1.00	0.98 	0.96
05	0.56	0.72 	0.58	0.76	0.82 	0.93	0.95	0.99 	1.00	0.99	0.94 	0.90
06	0.66	0.82 	0.69	0.85	0.89 	0.97	0.98	1.00 	0.98	0.96	0.87 	0.82
07	0.77	0.90 	0.79	0.92	0.95 	0.99	1.00	0.99 	0.94	0.91	0.79 	0.72
08	0.86	0.96 	0.88	0.97	0.98 	1.00	1.00	0.96 	0.89	0.84	0.69 	0.61
09	0.93	0.99 	0.94	0.99	1.00 	0.99	0.98	0.92 	0.81	0.76	0.58 	0.50
10	0.98	1.00 	0.98	1.00	0.99 	0.95	0.94	0.86 	0.72	0.65	0.46 	0.39
11	1.00	0.97 	1.00	0.98	0.97 	0.91	0.89	0.78 	0.62	0.54	0.35 	0.29
12	0.99	0.92 	0.99	0.94	0.92 	0.85	0.82	0.69 	0.51	0.43	0.25 	0.20
13	0.95	0.86 	0.96	0.88	0.87 	0.77	0.74	0.59 	0.40	0.32	0.16 	0.12
14	0.89	0.78 	0.90	0.81	0.80 	0.69	0.65	0.48 	0.29	0.22	0.09 	0.06
15	0.81	0.68 	0.83	0.73	0.71 	0.59	0.54	0.37 	0.19	0.13	0.04 	0.02
16	0.71	0.59 	0.75	0.65	0.63 	0.49	0.44	0.26 	0.11	0.06	0.01 	0.00
17	0.61	0.49 	0.66	0.55	0.53 	0.39	0.33	0.16 	0.04	0.02	0.00 	0.00
18	0.51	0.40 	0.57	0.46	0.43 	0.29	0.23	0.09 	0.01	0.00	0.02 	0.02
19	0.41	0.31 	0.48	0.37	0.34 	0.20	0.14	0.03 	0.00	0.01	0.05 	0.06
20	0.32	0.22 	0.38	0.27	0.24 	0.11	0.07	0.00 	0.02	0.04	0.10 	0.11
21	0.24	0.15 	0.29	0.19	0.16 	0.05	0.02	0.01 	0.07	0.09	0.16 	0.17
22	0.16	0.09 	0.21	0.12	0.09 	0.01	0.00	0.04 	0.13	0.15	0.24 	0.25
23	0.10	0.04 	0.14	0.06	0.03 	0.00	0.01	0.09 	0.21	0.23	0.33 	0.34
24	0.05	0.01 	0.08	0.02	0.01 	0.02	0.05	0.17 	0.29	0.31	0.42 	0.43
25	0.02	0.00 	0.03	0.00	0.00 	0.07	0.12	0.26 	0.39	0.40	0.51 	0.53
26	0.00	0.01 	0.01	0.01	0.03 	0.15	0.21	0.35 	0.48	0.50	0.61 	0.63
27	0.00	0.04 	0.00	0.05	0.09 	0.24	0.30	0.45 	0.58	0.59	0.70 	0.72
28	0.03	0.09 	0.02	0.11	0.17 	0.34	0.41	0.55 	0.67	0.68	0.79 	0.81
29	0.07	-- 	0.07	0.19	0.27 	0.45	0.51	0.65 	0.75	0.77	0.87 	0.89
30	0.13	-- 	0.13	0.29	0.37 	0.56	0.61	0.73 	0.83	0.85	0.93 	0.95
31	0.20	-- 	0.22	--	0.49 	--	0.70	0.81 	--	0.91	-- 	0.99
