Day 	Jan.	Feb.	Mar. 	Apr.	May	June 	July	Aug.	Sep. 	Oct.	Nov.	Dec.
01	1.00	0.95 	1.00	0.95	0.93 	0.84	0.82	0.71 	0.58	0.52	0.34 	0.26
02	0.98	0.89 	0.97	0.89	0.86 	0.77	0.74	0.62 	0.47	0.41	0.23 	0.17
03	0.93	0.81 	0.92	0.82	0.79 	0.68	0.65	0.52 	0.37	0.30	0.14 	0.09
04	0.86	0.71 	0.85	0.73	0.70 	0.59	0.56	0.42 	0.26	0.20	0.07 	0.04
05	0.76	0.61 	0.76	0.64	0.61 	0.49	0.46	0.32 	0.17	0.11	0.02 	0.01
06	0.66	0.50 	0.67	0.54	0.52 	0.40	0.36	0.22 	0.09	0.05	0.00 	0.00
07	0.55	0.40 	0.57	0.44	0.42 	0.31	0.27	0.14 	0.03	0.01	0.01 	0.02
08	0.44	0.30 	0.47	0.35	0.33 	0.22	0.18	0.07 	0.00	0.00	0.04 	0.06
09	0.34	0.22 	0.37	0.26	0.25 	0.14	0.10	0.02 	0.01	0.02	0.10 	0.11
10	0.25	0.14 	0.28	0.19	0.17 	0.08	0.05	0.00 	0.04	0.07	0.17 	0.18
11	0.16	0.08 	0.20	0.12	0.10 	0.03	0.01	0.01 	0.10	0.14	0.25 	0.27
12	0.10	0.04 	0.13	0.06	0.05 	0.00	0.00	0.05 	0.18	0.22	0.34 	0.35
13	0.05	0.01 	0.07	0.03	0.01 	0.00	0.02	0.12 	0.27	0.32	0.44 	0.45
14	0.02	0.00 	0.03	0.00	0.00 	0.03	0.07	0.21 	0.37	0.41	0.53 	0.54
15	0.00	0.01 	0.01	0.00	0.01 	0.09	0.14	0.31 	0.48	0.51	0.62 	0.63
16	0.00	0.03 	0.00	0.02	0.05 	0.16	0.24	0.42 	0.58	0.61	0.71 	0.72
17	0.03	0.08 	0.01	0.07	0.10 	0.26	0.34	0.53 	0.67	0.70	0.79 	0.81
18	0.06	0.13 	0.05	0.13	0.18 	0.37	0.45	0.63 	0.76	0.78	0.87 	0.88
19	0.12	0.21 	0.10	0.21	0.28 	0.48	0.56	0.73 	0.84	0.85	0.92 	0.94
20	0.19	0.30 	0.16	0.31	0.39 	0.59	0.67	0.81 	0.90	0.91	0.97 	0.98
21	0.27	0.39 	0.25	0.42	0.50 	0.70	0.76	0.88 	0.95	0.96	0.99 	1.00
22	0.36	0.50 	0.34	0.53	0.62 	0.79	0.85	0.93 	0.98	0.99	1.00 	0.99
23	0.46	0.61 	0.45	0.64	0.72 	0.87	0.91	0.97 	1.00	1.00	0.98 	0.97
24	0.56	0.71 	0.56	0.75	0.82 	0.94	0.96	0.99 	0.99	0.99	0.94 	0.91
25	0.66	0.81 	0.67	0.84	0.90 	0.98	0.99	1.00 	0.97	0.96	0.88 	0.84
26	0.76	0.89 	0.78	0.92	0.95 	1.00	1.00	0.98 	0.94	0.91	0.80 	0.74
27	0.85	0.96 	0.87	0.97	0.99 	1.00	0.99	0.95 	0.88	0.85	0.71 	0.63
28	0.93	0.99 	0.94	0.99	1.00 	0.98	0.97	0.90 	0.81	0.76	0.60 	0.52
29	0.98	-- 	0.98	1.00	0.99 	0.94	0.92	0.84 	0.72	0.67	0.49 	0.41
30	1.00	-- 	1.00	0.97	0.96 	0.89	0.87	0.76 	0.62	0.56	0.37 	0.30
31	0.99	-- 	0.99	--	0.91 	--	0.79	0.67 	--	0.45	-- 	0.20
