Day 	Jan.	Feb.	Mar. 	Apr.	May	June 	July	Aug.	Sep. 	Oct.	Nov.	Dec.
01	0.12	0.04 	0.13	0.06	0.05 	0.01	0.00	0.02 	0.12	0.18	0.33 	0.36
02	0.06	0.01 	0.07	0.03	0.02 	0.00	0.01	0.07 	0.21	0.27	0.43 	0.46
03	0.02	0.00 	0.03	0.01	0.00 	0.01	0.03	0.14 	0.31	0.38	0.53 	0.56
04	0.00	0.01 	0.01	0.00	0.01 	0.05	0.08	0.23 	0.42	0.49	0.63 	0.65
05	0.00	0.03 	0.00	0.02	0.03 	0.10	0.16	0.34 	0.53	0.59	0.72 	0.74
06	0.03	0.08 	0.01	0.05	0.07 	0.18	0.25	0.45 	0.64	0.69	0.80 	0.82
07	0.07	0.14 	0.04	0.10	0.13 	0.27	0.36	0.56 	0.74	0.78	0.87 	0.88
08	0.13	0.21 	0.09	0.17	0.21 	0.38	0.47	0.67 	0.82	0.85	0.93 	0.94
09	0.20	0.29 	0.15	0.25	0.30 	0.49	0.58	0.77 	0.89	0.91	0.97 	0.98
10	0.28	0.38 	0.22	0.34	0.41 	0.61	0.69	0.85 	0.94	0.96	0.99 	1.00
11	0.36	0.47 	0.31	0.45	0.52 	0.72	0.79	0.92 	0.98	0.99	1.00 	1.00
12	0.46	0.57 	0.40	0.56	0.63 	0.81	0.88	0.97 	1.00	1.00	0.99 	0.98
13	0.55	0.67 	0.50	0.66	0.74 	0.90	0.94	0.99 	0.99	0.99	0.96 	0.94
14	0.65	0.76 	0.61	0.77	0.83 	0.96	0.98	1.00 	0.97	0.97	0.91 	0.89
15	0.74	0.85 	0.71	0.86	0.91 	0.99	1.00	0.98 	0.94	0.93	0.85 	0.81
16	0.82	0.92 	0.81	0.93	0.97 	1.00	0.99	0.95 	0.89	0.87	0.77 	0.72
17	0.90	0.97 	0.89	0.98	1.00 	0.98	0.97	0.90 	0.82	0.80	0.67 	0.62
18	0.95	1.00 	0.95	1.00	1.00 	0.94	0.92	0.84 	0.74	0.71	0.57 	0.50
19	0.99	0.99 	0.99	0.99	0.97 	0.89	0.86	0.76 	0.65	0.62	0.46 	0.39
20	1.00	0.96 	1.00	0.95	0.92 	0.82	0.79	0.68 	0.56	0.52	0.35 	0.28
21	0.98	0.90 	0.97	0.89	0.85 	0.73	0.70	0.59 	0.46	0.41	0.24 	0.18
22	0.94	0.81 	0.92	0.80	0.77 	0.64	0.62	0.49 	0.36	0.31	0.15 	0.10
23	0.87	0.71 	0.85	0.71	0.67 	0.55	0.52	0.40 	0.26	0.21	0.08 	0.04
24	0.78	0.61 	0.76	0.61	0.58 	0.45	0.43	0.30 	0.17	0.12	0.02 	0.01
25	0.67	0.50 	0.66	0.51	0.48 	0.36	0.33	0.21 	0.09	0.05	0.00 	0.00
26	0.56	0.39 	0.55	0.41	0.39 	0.27	0.24	0.13 	0.03	0.01	0.01 	0.02
27	0.45	0.30 	0.45	0.32	0.30 	0.19	0.16	0.06 	0.01	0.00	0.04 	0.06
28	0.34	0.21 	0.35	0.24	0.21 	0.12	0.09	0.02 	0.01	0.02	0.10 	0.13
29	0.25	-- 	0.26	0.16	0.14 	0.06	0.04	0.00 	0.04	0.07	0.18 	0.20
30	0.16	-- 	0.18	0.10	0.08 	0.02	0.01	0.01 	0.10	0.14	0.27 	0.29
31	0.09	-- 	0.11	--	0.04 	--	0.00	0.05 	--	0.23	-- 	0.38
