Day 	Jan.	Feb.	Mar. 	Apr.	May	June 	July	Aug.	Sep. 	Oct.	Nov.	Dec.
01	0.48	0.58 	0.50	0.62	0.67 	0.83	0.89	0.98 	1.00	0.99	0.96 	0.95
02	0.57	0.67 	0.59	0.72	0.77 	0.91	0.95	1.00 	0.98	0.97	0.91 	0.90
03	0.66	0.76 	0.69	0.81	0.86 	0.97	0.99	0.99 	0.94	0.92	0.85 	0.84
04	0.75	0.84 	0.78	0.89	0.93 	1.00	1.00	0.96 	0.88	0.87	0.78 	0.76
05	0.83	0.90 	0.86	0.95	0.98 	1.00	0.98	0.90 	0.81	0.80	0.70 	0.67
06	0.89	0.96 	0.92	0.99	1.00 	0.97	0.93	0.84 	0.73	0.72	0.60 	0.57
07	0.95	0.99 	0.97	1.00	0.99 	0.91	0.87	0.76 	0.65	0.63	0.50 	0.46
08	0.98	1.00 	1.00	0.98	0.95 	0.83	0.79	0.67 	0.55	0.53	0.40 	0.36
09	1.00	0.98 	0.99	0.93	0.88 	0.74	0.70	0.58 	0.46	0.43	0.30 	0.25
10	0.99	0.94 	0.96	0.85	0.80 	0.65	0.61	0.48 	0.36	0.34	0.20 	0.16
11	0.97	0.88 	0.90	0.76	0.70 	0.55	0.51	0.39 	0.27	0.24	0.12 	0.08
12	0.92	0.79 	0.82	0.66	0.60 	0.45	0.41	0.30 	0.19	0.16	0.05 	0.03
13	0.85	0.69 	0.73	0.55	0.49 	0.35	0.32	0.21 	0.11	0.09	0.01 	0.00
14	0.76	0.58 	0.62	0.44	0.39 	0.26	0.24	0.14 	0.06	0.03	0.00 	0.01
15	0.66	0.47 	0.51	0.34	0.30 	0.18	0.16	0.08 	0.02	0.00	0.02 	0.04
16	0.54	0.36 	0.40	0.25	0.21 	0.12	0.10	0.03 	0.00	0.00	0.06 	0.10
17	0.43	0.26 	0.30	0.17	0.14 	0.06	0.05	0.01 	0.01	0.03	0.14 	0.18
18	0.32	0.17 	0.20	0.10	0.08 	0.02	0.02	0.00 	0.05	0.09	0.23 	0.28
19	0.22	0.09 	0.13	0.05	0.04 	0.00	0.00	0.02 	0.11	0.17	0.33 	0.38
20	0.13	0.04 	0.07	0.02	0.01 	0.00	0.01	0.07 	0.20	0.27	0.44 	0.48
21	0.07	0.01 	0.03	0.00	0.00 	0.02	0.04	0.14 	0.30	0.37	0.54 	0.58
22	0.02	0.00 	0.01	0.00	0.01 	0.06	0.09	0.22 	0.41	0.48	0.64 	0.67
23	0.00	0.01 	0.00	0.03	0.04 	0.11	0.16	0.32 	0.52	0.59	0.74 	0.76
24	0.01	0.04 	0.02	0.06	0.08 	0.19	0.25	0.43 	0.63	0.70	0.82 	0.84
25	0.03	0.09 	0.05	0.12	0.14 	0.27	0.35	0.55 	0.73	0.79	0.89 	0.90
26	0.08	0.15 	0.10	0.19	0.22 	0.38	0.46	0.66 	0.82	0.86	0.94 	0.95
27	0.14	0.23 	0.17	0.27	0.31 	0.48	0.57	0.76 	0.90	0.92	0.98 	0.98
28	0.22	0.31 	0.24	0.36	0.41 	0.60	0.68	0.85 	0.95	0.97	1.00 	1.00
29	0.30	0.40 	0.33	0.46	0.52 	0.71	0.79	0.92 	0.99	0.99	1.00 	1.00
30	0.39	-- 	0.42	0.56	0.63 	0.81	0.87	0.97 	1.00	1.00	0.98 	0.98
31	0.49	-- 	0.52	--	0.73 	--	0.94	0.99 	--	0.99	-- 	0.94
