Day 	Jan.	Feb.	Mar. 	Apr.	May	June 	July	Aug.	Sep. 	Oct.	Nov.	Dec.
01	0.88	0.77 	0.89	0.74	0.67 	0.48	0.42	0.29 	0.19	0.17	0.08 	0.06
02	0.81	0.67 	0.81	0.64	0.55 	0.37	0.32	0.21 	0.12	0.10	0.03 	0.01
03	0.72	0.57 	0.71	0.52	0.44 	0.28	0.24	0.14 	0.06	0.05	0.00 	0.00
04	0.63	0.45 	0.60	0.41	0.34 	0.19	0.16	0.08 	0.02	0.01	0.00 	0.02
05	0.52	0.34 	0.49	0.30	0.24 	0.12	0.10	0.04 	0.00	0.00	0.03 	0.06
06	0.41	0.24 	0.38	0.21	0.16 	0.06	0.05	0.01 	0.00	0.01	0.08 	0.13
07	0.30	0.15 	0.27	0.13	0.09 	0.03	0.02	0.00 	0.03	0.05	0.16 	0.22
08	0.20	0.07 	0.18	0.06	0.04 	0.00	0.00	0.01 	0.07	0.11	0.25 	0.32
09	0.11	0.02 	0.10	0.02	0.01 	0.00	0.01	0.04 	0.13	0.19	0.36 	0.43
10	0.05	0.00 	0.04	0.00	0.00 	0.02	0.03	0.09 	0.21	0.28	0.47 	0.54
11	0.01	0.01 	0.01	0.00	0.01 	0.05	0.07	0.16 	0.31	0.39	0.59 	0.65
12	0.00	0.04 	0.00	0.03	0.04 	0.10	0.13	0.25 	0.42	0.51	0.69 	0.74
13	0.02	0.09 	0.02	0.07	0.08 	0.16	0.20	0.34 	0.53	0.62	0.79 	0.83
14	0.07	0.16 	0.05	0.12	0.14 	0.24	0.28	0.45 	0.65	0.73	0.87 	0.90
15	0.13	0.24 	0.11	0.19	0.21 	0.33	0.38	0.56 	0.75	0.82	0.93 	0.95
16	0.22	0.33 	0.17	0.27	0.29 	0.43	0.49	0.67 	0.85	0.90	0.97 	0.98
17	0.31	0.42 	0.25	0.36	0.38 	0.53	0.60	0.78 	0.92	0.95	1.00 	1.00
18	0.40	0.52 	0.34	0.45	0.48 	0.64	0.70	0.87 	0.97	0.99	1.00 	1.00
19	0.50	0.61 	0.43	0.55	0.58 	0.74	0.80	0.94 	1.00	1.00	0.98 	0.98
20	0.60	0.70 	0.53	0.64	0.68 	0.83	0.89	0.98 	1.00	0.99	0.95 	0.94
21	0.69	0.78 	0.62	0.74	0.78 	0.91	0.95	1.00 	0.97	0.96	0.90 	0.89
22	0.77	0.85 	0.71	0.82	0.86 	0.97	0.99	0.99 	0.93	0.91	0.83 	0.82
23	0.84	0.92 	0.80	0.90	0.93 	1.00	1.00	0.95 	0.86	0.84	0.76 	0.74
24	0.91	0.96 	0.87	0.95	0.98 	0.99	0.98	0.89 	0.79	0.77	0.67 	0.65
25	0.95	0.99 	0.93	0.99	1.00 	0.96	0.93	0.82 	0.70	0.68	0.58 	0.56
26	0.98	1.00 	0.97	1.00	0.99 	0.90	0.86	0.73 	0.61	0.59	0.48 	0.46
27	1.00	0.98 	1.00	0.98	0.95 	0.82	0.77	0.64 	0.52	0.50	0.38 	0.36
28	0.99	0.95 	0.99	0.93	0.88 	0.73	0.68	0.54 	0.42	0.40	0.29 	0.26
29	0.97	-- 	0.97	0.86	0.80 	0.63	0.58	0.44 	0.33	0.31	0.20 	0.17
30	0.92	-- 	0.91	0.77	0.70 	0.52	0.48	0.35 	0.24	0.22	0.12 	0.09
31	0.85	-- 	0.84	--	0.59 	--	0.38	0.26 	--	0.14	-- 	0.03
