Day 	Jan.	Feb.	Mar. 	Apr.	May	June 	July	Aug.	Sep. 	Oct.	Nov.	Dec.
01	0.00	0.02 	0.00	0.02	0.03 	0.10	0.12	0.22 	0.35	0.41	0.60 	0.68
02	0.01	0.07 	0.01	0.06	0.08 	0.17	0.19	0.30 	0.45	0.52	0.71 	0.78
03	0.04	0.14 	0.04	0.12	0.14 	0.24	0.27	0.40 	0.56	0.63	0.81 	0.86
04	0.10	0.22 	0.09	0.20	0.22 	0.33	0.36	0.50 	0.67	0.74	0.89 	0.93
05	0.18	0.32 	0.17	0.28	0.30 	0.42	0.45	0.60 	0.77	0.84	0.95 	0.97
06	0.27	0.42 	0.26	0.37	0.39 	0.51	0.55	0.71 	0.86	0.92	0.99 	1.00
07	0.38	0.52 	0.35	0.47	0.49 	0.61	0.65	0.80 	0.93	0.97	1.00 	1.00
08	0.49	0.62 	0.45	0.56	0.58 	0.71	0.75	0.89 	0.98	1.00	0.99 	0.97
09	0.59	0.71 	0.54	0.65	0.68 	0.80	0.84	0.95 	1.00	1.00	0.95 	0.94
10	0.69	0.79 	0.64	0.74	0.76 	0.87	0.91	0.99 	0.99	0.97	0.89 	0.88
11	0.77	0.86 	0.73	0.82	0.84 	0.94	0.97	1.00 	0.95	0.92	0.82 	0.81
12	0.85	0.92 	0.80	0.89	0.91 	0.98	0.99	0.98 	0.88	0.85	0.74 	0.73
13	0.91	0.96 	0.87	0.94	0.96 	1.00	0.99	0.92 	0.80	0.77	0.65 	0.64
14	0.96	0.99 	0.93	0.98	0.99 	0.99	0.96	0.85 	0.71	0.67	0.56 	0.55
15	0.99	1.00 	0.97	1.00	1.00 	0.95	0.90	0.76 	0.61	0.58	0.47 	0.46
16	1.00	0.99 	0.99	0.99	0.98 	0.89	0.82	0.66 	0.51	0.48	0.37 	0.36
17	0.99	0.96 	1.00	0.97	0.94 	0.80	0.73	0.56 	0.41	0.39	0.28 	0.27
18	0.97	0.92 	0.98	0.92	0.87 	0.70	0.62	0.45 	0.32	0.30	0.20 	0.19
19	0.93	0.85 	0.95	0.85	0.78 	0.59	0.51	0.35 	0.23	0.22	0.13 	0.11
20	0.87	0.77 	0.89	0.76	0.68 	0.48	0.40	0.26 	0.16	0.14	0.07 	0.05
21	0.80	0.68 	0.82	0.65	0.56 	0.37	0.31	0.18 	0.10	0.08	0.03 	0.02
22	0.72	0.58 	0.72	0.54	0.45 	0.27	0.22	0.11 	0.05	0.04	0.00 	0.00
23	0.63	0.47 	0.62	0.42	0.34 	0.18	0.14	0.06 	0.02	0.01	0.00 	0.01
24	0.52	0.36 	0.51	0.31	0.24 	0.11	0.08	0.02 	0.00	0.00	0.03 	0.05
25	0.42	0.25 	0.40	0.21	0.15 	0.05	0.04	0.00 	0.01	0.01	0.08 	0.12
26	0.31	0.16 	0.29	0.13	0.08 	0.02	0.01	0.00 	0.03	0.05	0.15 	0.20
27	0.21	0.08 	0.19	0.06	0.03 	0.00	0.00	0.02 	0.07	0.10	0.24 	0.30
28	0.12	0.03 	0.10	0.02	0.01 	0.01	0.01	0.05 	0.13	0.18	0.34 	0.41
29	0.06	-- 	0.04	0.00	0.00 	0.03	0.04	0.10 	0.21	0.27	0.45 	0.53
30	0.01	-- 	0.01	0.01	0.02 	0.07	0.08	0.17 	0.31	0.38	0.57 	0.64
31	0.00	-- 	0.00	--	0.05 	--	0.14	0.25 	--	0.49	-- 	0.74
