Day 	Jan.	Feb.	Mar. 	Apr.	May	June 	July	Aug.	Sep. 	Oct.	Nov.	Dec.
01	0.07	0.17 	0.07	0.20	0.27 	0.45	0.50	0.63 	0.74	0.76	0.87 	0.90
02	0.13	0.26 	0.14	0.30	0.38 	0.55	0.60	0.72 	0.82	0.84	0.93 	0.96
03	0.21	0.37 	0.23	0.41	0.49 	0.65	0.69	0.80 	0.89	0.91	0.98 	0.99
04	0.31	0.48 	0.33	0.53	0.60 	0.74	0.77	0.87 	0.94	0.96	1.00 	1.00
05	0.41	0.59 	0.45	0.64	0.70 	0.82	0.85	0.93 	0.98	0.99	0.99 	0.97
06	0.52	0.70 	0.56	0.74	0.79 	0.89	0.91	0.97 	1.00	1.00	0.95 	0.92
07	0.63	0.80 	0.67	0.82	0.86 	0.94	0.96	0.99 	0.99	0.98	0.89 	0.84
08	0.74	0.89 	0.77	0.90	0.92 	0.98	0.99	1.00 	0.97	0.93	0.81 	0.75
09	0.84	0.95 	0.86	0.95	0.97 	1.00	1.00	0.98 	0.91	0.86	0.71 	0.64
10	0.91	0.99 	0.92	0.98	0.99 	1.00	0.99	0.95 	0.84	0.78	0.60 	0.54
11	0.97	1.00 	0.97	1.00	1.00 	0.98	0.97	0.89 	0.75	0.67	0.49 	0.43
12	1.00	0.99 	1.00	0.99	0.99 	0.95	0.92	0.82 	0.64	0.56	0.38 	0.33
13	1.00	0.96 	1.00	0.97	0.96 	0.89	0.86	0.72 	0.53	0.45	0.28 	0.24
14	0.97	0.90 	0.98	0.93	0.91 	0.83	0.79	0.62 	0.42	0.34	0.19 	0.16
15	0.92	0.84 	0.94	0.87	0.86 	0.75	0.69	0.51 	0.31	0.24	0.12 	0.10
16	0.85	0.76 	0.89	0.80	0.78 	0.65	0.59	0.39 	0.21	0.15	0.06 	0.05
17	0.77	0.67 	0.82	0.73	0.70 	0.55	0.48	0.28 	0.12	0.08	0.02 	0.02
18	0.68	0.58 	0.74	0.64	0.60 	0.45	0.37	0.18 	0.06	0.04	0.00 	0.00
19	0.59	0.48 	0.66	0.54	0.50 	0.34	0.26	0.10 	0.02	0.01	0.00 	0.01
20	0.49	0.39 	0.56	0.44	0.40 	0.23	0.16	0.04 	0.00	0.00	0.02 	0.03
21	0.40	0.30 	0.47	0.34	0.30 	0.14	0.08	0.01 	0.01	0.02	0.06 	0.07
22	0.31	0.21 	0.37	0.25	0.20 	0.07	0.03	0.00 	0.04	0.05	0.11 	0.12
23	0.23	0.14 	0.28	0.16	0.12 	0.02	0.00	0.02 	0.08	0.10	0.17 	0.19
24	0.15	0.08 	0.19	0.09	0.05 	0.00	0.01	0.06 	0.15	0.16	0.25 	0.27
25	0.09	0.03 	0.12	0.03	0.01 	0.01	0.04	0.12 	0.22	0.24	0.34 	0.36
26	0.04	0.00 	0.06	0.01	0.00 	0.05	0.09	0.20 	0.31	0.32	0.43 	0.46
27	0.01	0.00 	0.02	0.01	0.02 	0.12	0.16	0.28 	0.40	0.41	0.53 	0.57
28	0.00	0.02 	0.00	0.04	0.07 	0.20	0.25	0.37 	0.49	0.51	0.63 	0.67
29	0.01	-- 	0.01	0.09	0.15 	0.30	0.34	0.47 	0.58	0.60	0.73 	0.77
30	0.04	-- 	0.05	0.17	0.24 	0.40	0.44	0.56 	0.68	0.70	0.82 	0.86
31	0.10	-- 	0.12	--	0.34 	--	0.54	0.66 	--	0.79	-- 	0.93
