Day 	Jan.	Feb.	Mar. 	Apr.	May	June 	July	Aug.	Sep. 	Oct.	Nov.	Dec.
01	0.24	0.13 	0.26	0.17	0.15 	0.07	0.04	0.00 	0.04	0.07	0.18 	0.20
02	0.15	0.07 	0.18	0.10	0.09 	0.03	0.01	0.01 	0.10	0.15	0.27 	0.29
03	0.09	0.03 	0.12	0.05	0.04 	0.00	0.00	0.05 	0.18	0.23	0.36 	0.38
04	0.04	0.01 	0.06	0.02	0.01 	0.00	0.02	0.12 	0.28	0.33	0.46 	0.47
05	0.01	0.00 	0.03	0.00	0.00 	0.03	0.07	0.21 	0.38	0.43	0.56 	0.57
06	0.00	0.01 	0.00	0.01	0.01 	0.08	0.14	0.31 	0.49	0.53	0.65 	0.66
07	0.01	0.04 	0.00	0.03	0.05 	0.16	0.23	0.42 	0.59	0.63	0.74 	0.75
08	0.03	0.09 	0.02	0.07	0.11 	0.25	0.34	0.53 	0.69	0.72	0.81 	0.82
09	0.08	0.15 	0.05	0.13	0.18 	0.36	0.45	0.64 	0.77	0.80	0.88 	0.89
10	0.13	0.22 	0.10	0.21	0.28 	0.47	0.56	0.73 	0.85	0.87	0.94 	0.95
11	0.20	0.31 	0.17	0.31	0.38 	0.59	0.67	0.82 	0.91	0.92	0.97 	0.98
12	0.29	0.41 	0.25	0.41	0.50 	0.70	0.77	0.89 	0.96	0.97	1.00 	1.00
13	0.38	0.51 	0.35	0.52	0.61 	0.79	0.85	0.94 	0.99	0.99	1.00 	0.99
14	0.47	0.61 	0.45	0.64	0.72 	0.88	0.92	0.98 	1.00	1.00	0.98 	0.96
15	0.57	0.72 	0.56	0.74	0.82 	0.94	0.96	1.00 	0.99	0.99	0.94 	0.91
16	0.67	0.81 	0.67	0.84	0.90 	0.98	0.99	1.00 	0.97	0.96	0.88 	0.84
17	0.77	0.90 	0.78	0.92	0.95 	1.00	1.00	0.98 	0.93	0.91	0.80 	0.74
18	0.86	0.96 	0.87	0.97	0.99 	1.00	0.99	0.94 	0.87	0.84	0.71 	0.64
19	0.93	0.99 	0.94	1.00	1.00 	0.97	0.96	0.89 	0.80	0.76	0.60 	0.52
20	0.98	1.00 	0.98	0.99	0.98 	0.93	0.91	0.83 	0.71	0.66	0.49 	0.41
21	1.00	0.97 	1.00	0.97	0.95 	0.87	0.85	0.75 	0.62	0.56	0.37 	0.30
22	0.99	0.92 	0.99	0.92	0.90 	0.80	0.78	0.66 	0.51	0.45	0.27 	0.20
23	0.95	0.84 	0.95	0.85	0.83 	0.72	0.70	0.56 	0.41	0.34	0.17 	0.12
24	0.89	0.75 	0.88	0.77	0.75 	0.63	0.60	0.46 	0.30	0.23	0.09 	0.06
25	0.80	0.65 	0.80	0.68	0.66 	0.54	0.51	0.36 	0.20	0.14	0.04 	0.02
26	0.70	0.55 	0.71	0.59	0.57 	0.44	0.41	0.26 	0.11	0.07	0.01 	0.00
27	0.60	0.45 	0.62	0.49	0.47 	0.35	0.31	0.16 	0.05	0.02	0.00 	0.01
28	0.49	0.35 	0.52	0.40	0.38 	0.26	0.21	0.09 	0.01	0.00	0.02 	0.03
29	0.39	-- 	0.42	0.31	0.29 	0.17	0.13	0.03 	0.00	0.01	0.07 	0.08
30	0.29	-- 	0.33	0.23	0.20 	0.10	0.06	0.00 	0.02	0.05	0.13 	0.14
31	0.20	-- 	0.24	--	0.13 	--	0.02	0.01 	--	0.11	-- 	0.22
