Day 	Jan.	Feb.	Mar. 	Apr.	May	June 	July	Aug.	Sep. 	Oct.	Nov.	Dec.
01	0.30	0.40 	0.33	0.46	0.52 	0.71	0.79	0.92 	0.98	0.99	1.00 	1.00
02	0.39	0.49 	0.42	0.56	0.63 	0.81	0.88	0.97 	1.00	1.00	0.98 	0.98
03	0.48	0.59 	0.52	0.67	0.73 	0.89	0.94	0.99 	0.99	0.99	0.95 	0.94
04	0.58	0.69 	0.62	0.77	0.83 	0.95	0.98	1.00 	0.97	0.96	0.90 	0.88
05	0.67	0.78 	0.72	0.86	0.91 	0.99	1.00	0.98 	0.93	0.91	0.83 	0.80
06	0.76	0.86 	0.81	0.93	0.97 	1.00	0.99	0.94 	0.87	0.86	0.75 	0.71
07	0.84	0.93 	0.89	0.98	1.00 	0.98	0.96	0.89 	0.80	0.78	0.66 	0.61
08	0.91	0.98 	0.95	1.00	0.99 	0.94	0.91	0.82 	0.72	0.70	0.56 	0.50
09	0.96	1.00 	0.99	0.99	0.97 	0.88	0.85	0.75 	0.63	0.60	0.46 	0.39
10	0.99	0.99 	1.00	0.95	0.91 	0.80	0.77	0.66 	0.54	0.50	0.35 	0.28
11	1.00	0.96 	0.97	0.88	0.84 	0.72	0.69	0.57 	0.44	0.40	0.24 	0.18
12	0.98	0.90 	0.92	0.80	0.75 	0.62	0.59	0.47 	0.34	0.30	0.15 	0.10
13	0.94	0.81 	0.85	0.70	0.66 	0.53	0.50	0.38 	0.25	0.20	0.07 	0.04
14	0.87	0.71 	0.75	0.60	0.56 	0.43	0.40	0.28 	0.16	0.12	0.02 	0.01
15	0.78	0.60 	0.65	0.50	0.46 	0.34	0.31	0.20 	0.09	0.05	0.00 	0.00
16	0.67	0.49 	0.54	0.40	0.37 	0.25	0.23	0.12 	0.03	0.01	0.01 	0.02
17	0.56	0.39 	0.44	0.30	0.28 	0.17	0.15	0.06 	0.01	0.00	0.05 	0.07
18	0.45	0.29 	0.34	0.22	0.20 	0.11	0.08	0.02 	0.01	0.02	0.11 	0.14
19	0.34	0.20 	0.25	0.15	0.13 	0.05	0.04	0.00 	0.04	0.07	0.19 	0.22
20	0.24	0.12 	0.17	0.09	0.07 	0.02	0.01	0.01 	0.10	0.15	0.28 	0.31
21	0.16	0.07 	0.10	0.04	0.03 	0.00	0.00	0.05 	0.18	0.24	0.38 	0.41
22	0.09	0.03 	0.05	0.01	0.01 	0.01	0.02	0.12 	0.28	0.34	0.48 	0.50
23	0.04	0.01 	0.02	0.00	0.00 	0.03	0.07	0.20 	0.38	0.44	0.58 	0.60
24	0.01	0.00 	0.00	0.01	0.02 	0.08	0.14	0.31 	0.49	0.55	0.67 	0.69
25	0.00	0.02 	0.01	0.03	0.05 	0.16	0.22	0.42 	0.60	0.65	0.76 	0.77
26	0.01	0.05 	0.02	0.08	0.11 	0.25	0.33	0.53 	0.70	0.74	0.84 	0.85
27	0.04	0.10 	0.06	0.14	0.18 	0.35	0.44	0.64 	0.79	0.82	0.90 	0.91
28	0.09	0.16 	0.11	0.22	0.27 	0.46	0.56	0.74 	0.86	0.89	0.95 	0.96
29	0.15	0.24 	0.18	0.31	0.37 	0.58	0.67	0.83 	0.92	0.94	0.98 	0.99
30	0.23	-- 	0.26	0.41	0.48 	0.69	0.77	0.90 	0.97	0.98	1.00 	1.00
31	0.31	-- 	0.36	--	0.60 	--	0.85	0.95 	--	1.00	-- 	0.99
