Day 	Jan.	Feb.	Mar. 	Apr.	May	June 	July	Aug.	Sep. 	Oct.	Nov.	Dec.
01	0.96	0.88 	0.96	0.85	0.80 	0.64	0.59	0.46 	0.34	0.32	0.20 	0.16
02	0.91	0.79 	0.90	0.76	0.70 	0.53	0.49	0.37 	0.25	0.23	0.11 	0.08
03	0.84	0.69 	0.83	0.66	0.59 	0.43	0.39	0.28 	0.17	0.15	0.05 	0.03
04	0.76	0.58 	0.73	0.55	0.48 	0.34	0.30	0.20 	0.10	0.08	0.01 	0.00
05	0.66	0.47 	0.62	0.44	0.38 	0.25	0.22	0.13 	0.05	0.03	0.00 	0.01
06	0.55	0.36 	0.51	0.33	0.28 	0.17	0.15	0.07 	0.01	0.00	0.02 	0.04
07	0.43	0.25 	0.40	0.24	0.20 	0.10	0.09	0.03 	0.00	0.00	0.07 	0.11
08	0.32	0.16 	0.29	0.16	0.13 	0.05	0.04	0.01 	0.01	0.03	0.14 	0.19
09	0.22	0.09 	0.20	0.09	0.07 	0.02	0.01	0.00 	0.05	0.09	0.23 	0.29
10	0.13	0.04 	0.12	0.04	0.03 	0.00	0.00	0.02 	0.11	0.17	0.33 	0.39
11	0.06	0.01 	0.06	0.01	0.01 	0.00	0.01	0.07 	0.19	0.26	0.44 	0.49
12	0.02	0.00 	0.02	0.00	0.00 	0.02	0.04	0.13 	0.29	0.37	0.55 	0.60
13	0.00	0.02 	0.00	0.01	0.01 	0.06	0.09	0.22 	0.40	0.49	0.65 	0.69
14	0.01	0.05 	0.01	0.03	0.04 	0.12	0.16	0.32 	0.52	0.60	0.75 	0.78
15	0.04	0.11 	0.03	0.07	0.09 	0.19	0.24	0.43 	0.63	0.70	0.83 	0.85
16	0.09	0.17 	0.06	0.13	0.15 	0.28	0.34	0.54 	0.73	0.79	0.90 	0.91
17	0.16	0.25 	0.12	0.20	0.23 	0.38	0.45	0.66 	0.83	0.87	0.95 	0.96
18	0.24	0.34 	0.18	0.28	0.32 	0.48	0.57	0.76 	0.90	0.93	0.98 	0.99
19	0.33	0.43 	0.26	0.37	0.42 	0.59	0.68	0.85 	0.95	0.97	1.00 	1.00
20	0.42	0.52 	0.35	0.47	0.52 	0.70	0.78	0.92 	0.99	1.00	1.00 	0.99
21	0.51	0.62 	0.44	0.57	0.63 	0.80	0.87	0.97 	1.00	1.00	0.98 	0.97
22	0.61	0.71 	0.54	0.68	0.73 	0.89	0.94	1.00 	0.99	0.98	0.94 	0.93
23	0.70	0.79 	0.64	0.77	0.83 	0.95	0.98	1.00 	0.96	0.95	0.89 	0.87
24	0.78	0.87 	0.73	0.86	0.91 	0.99	1.00	0.97 	0.91	0.90	0.82 	0.80
25	0.85	0.93 	0.82	0.93	0.97 	1.00	0.99	0.93 	0.85	0.84	0.74 	0.71
26	0.92	0.98 	0.90	0.98	1.00 	0.98	0.95	0.87 	0.78	0.76	0.65 	0.62
27	0.96	1.00 	0.95	1.00	1.00 	0.93	0.90	0.80 	0.69	0.68	0.55 	0.51
28	0.99	0.99 	0.99	0.99	0.96 	0.86	0.82	0.71 	0.60	0.58	0.45 	0.40
29	1.00	-- 	1.00	0.95	0.91 	0.78	0.74	0.62 	0.51	0.49	0.35 	0.30
30	0.98	-- 	0.98	0.88	0.83 	0.69	0.65	0.53 	0.41	0.39	0.25 	0.20
31	0.94	-- 	0.93	--	0.74 	--	0.55	0.44 	--	0.29	-- 	0.11
