Day 	Jan.	Feb.	Mar. 	Apr.	May	June 	July	Aug.	Sep. 	Oct.	Nov.	Dec.
01	0.05	0.00 	0.04	0.00	0.00 	0.02	0.03	0.10 	0.22	0.28	0.47 	0.54
02	0.01	0.01 	0.01	0.01	0.01 	0.06	0.08	0.17 	0.31	0.39	0.58 	0.65
03	0.00	0.04 	0.00	0.03	0.04 	0.11	0.13	0.25 	0.42	0.50	0.69 	0.75
04	0.02	0.10 	0.02	0.08	0.09 	0.18	0.21	0.35 	0.53	0.61	0.79 	0.83
05	0.07	0.17 	0.06	0.14	0.15 	0.25	0.29	0.45 	0.64	0.72	0.87 	0.90
06	0.14	0.26 	0.12	0.21	0.23 	0.34	0.39	0.56 	0.75	0.82	0.93 	0.95
07	0.23	0.35 	0.19	0.29	0.31 	0.44	0.49	0.67 	0.84	0.90	0.98 	0.99
08	0.33	0.45 	0.28	0.38	0.40 	0.54	0.60	0.77 	0.92	0.96	1.00 	1.00
09	0.43	0.54 	0.37	0.47	0.50 	0.64	0.70	0.86 	0.97	0.99	1.00 	0.99
10	0.53	0.63 	0.46	0.57	0.60 	0.74	0.80	0.94 	1.00	1.00	0.98 	0.97
11	0.62	0.72 	0.55	0.66	0.70 	0.83	0.89	0.98 	0.99	0.99	0.94 	0.93
12	0.71	0.80 	0.65	0.75	0.79 	0.91	0.95	1.00 	0.97	0.95	0.88 	0.87
13	0.79	0.87 	0.73	0.84	0.87 	0.97	0.99	0.99 	0.92	0.90	0.81 	0.80
14	0.86	0.93 	0.81	0.91	0.94 	1.00	1.00	0.95 	0.85	0.83	0.73 	0.72
15	0.92	0.97 	0.88	0.96	0.98 	1.00	0.98	0.88 	0.77	0.75	0.65 	0.63
16	0.96	0.99 	0.94	0.99	1.00 	0.96	0.93	0.81 	0.68	0.66	0.55 	0.54
17	0.99	1.00 	0.98	1.00	0.99 	0.91	0.85	0.72 	0.59	0.57	0.46 	0.44
18	1.00	0.98 	1.00	0.98	0.95 	0.82	0.76	0.62 	0.49	0.47	0.36 	0.34
19	0.99	0.94 	0.99	0.93	0.89 	0.73	0.67	0.52 	0.40	0.38	0.27 	0.24
20	0.96	0.88 	0.96	0.86	0.80 	0.62	0.56	0.42 	0.31	0.29	0.18 	0.16
21	0.91	0.81 	0.91	0.77	0.70 	0.52	0.46	0.33 	0.22	0.21	0.11 	0.08
22	0.85	0.71 	0.84	0.67	0.59 	0.41	0.36	0.24 	0.15	0.13	0.05 	0.03
23	0.76	0.61 	0.75	0.56	0.48 	0.31	0.27	0.17 	0.09	0.07	0.01 	0.00
24	0.67	0.49 	0.64	0.44	0.37 	0.22	0.19	0.10 	0.04	0.03	0.00 	0.01
25	0.56	0.38 	0.53	0.34	0.27 	0.15	0.12	0.05 	0.01	0.00	0.02 	0.04
26	0.45	0.27 	0.41	0.24	0.18 	0.09	0.07	0.02 	0.00	0.00	0.06 	0.10
27	0.34	0.18 	0.31	0.15	0.11 	0.04	0.03	0.00 	0.01	0.03	0.13 	0.18
28	0.24	0.10 	0.21	0.08	0.06 	0.01	0.01	0.01 	0.05	0.08	0.22 	0.28
29	0.15	-- 	0.12	0.04	0.02 	0.00	0.00	0.03 	0.11	0.16	0.32 	0.39
30	0.07	-- 	0.06	0.01	0.00 	0.01	0.02	0.07 	0.19	0.25	0.43 	0.50
31	0.02	-- 	0.02	--	0.00 	--	0.05	0.14 	--	0.36	-- 	0.60
  