Day 	Jan.	Feb.	Mar. 	Apr.	May	June 	July	Aug.	Sep. 	Oct.	Nov.	Dec.
01	0.70	0.81 	0.66	0.76	0.78 	0.88	0.92	0.99 	0.99	0.96	0.88 	0.86
02	0.79	0.88 	0.75	0.84	0.86 	0.94	0.97	1.00 	0.94	0.91	0.81 	0.79
03	0.86	0.93 	0.82	0.90	0.92 	0.98	1.00	0.98 	0.88	0.84	0.72 	0.71
04	0.92	0.97 	0.89	0.95	0.97 	1.00	0.99	0.92 	0.79	0.75	0.63 	0.62
05	0.96	0.99 	0.94	0.98	0.99 	0.99	0.96	0.85 	0.70	0.66	0.54 	0.52
06	0.99	1.00 	0.98	1.00	1.00 	0.95	0.91	0.76 	0.60	0.56	0.44 	0.43
07	1.00	0.98 	1.00	0.99	0.98 	0.89	0.83	0.65 	0.49	0.46	0.35 	0.34
08	0.99	0.95 	1.00	0.96	0.94 	0.80	0.73	0.55 	0.39	0.37	0.26 	0.25
09	0.96	0.91 	0.98	0.92	0.87 	0.70	0.62	0.44 	0.30	0.28	0.18 	0.17
10	0.92	0.84 	0.94	0.85	0.78 	0.59	0.51	0.34 	0.22	0.20	0.11 	0.10
11	0.86	0.76 	0.88	0.76	0.68 	0.48	0.40	0.25 	0.14	0.13	0.06 	0.05
12	0.79	0.67 	0.81	0.66	0.57 	0.37	0.30	0.17 	0.08	0.07	0.02 	0.01
13	0.70	0.57 	0.72	0.54	0.46 	0.27	0.21	0.10 	0.04	0.03	0.00 	0.00
14	0.61	0.47 	0.62	0.43	0.34 	0.18	0.13	0.05 	0.01	0.01	0.00 	0.02
15	0.51	0.36 	0.51	0.32	0.24 	0.10	0.07	0.02 	0.00	0.00	0.03 	0.05
16	0.41	0.25 	0.40	0.22	0.15 	0.05	0.03	0.00 	0.01	0.02	0.08 	0.12
17	0.30	0.16 	0.29	0.13	0.08 	0.02	0.01	0.00 	0.03	0.05	0.15 	0.20
18	0.21	0.08 	0.19	0.06	0.03 	0.00	0.00	0.02 	0.08	0.11	0.24 	0.30
19	0.12	0.03 	0.11	0.02	0.01 	0.01	0.02	0.06 	0.14	0.18	0.34 	0.41
20	0.05	0.00 	0.04	0.00	0.00 	0.03	0.05	0.11 	0.22	0.27	0.45 	0.53
21	0.01	0.01 	0.01	0.01	0.02 	0.08	0.09	0.18 	0.31	0.37	0.56 	0.64
22	0.00	0.04 	0.00	0.04	0.06 	0.13	0.16	0.26 	0.41	0.48	0.67 	0.74
23	0.02	0.10 	0.02	0.09	0.11 	0.20	0.23	0.36 	0.52	0.60	0.78 	0.83
24	0.07	0.18 	0.07	0.16	0.18 	0.29	0.32	0.46 	0.63	0.71	0.86 	0.90
25	0.14	0.27 	0.13	0.24	0.26 	0.37	0.41	0.56 	0.74	0.81	0.93 	0.96
26	0.23	0.37 	0.21	0.32	0.35 	0.47	0.51	0.67 	0.84	0.89	0.98 	0.99
27	0.33	0.47 	0.30	0.42	0.44 	0.57	0.61	0.77 	0.91	0.95	1.00 	1.00
28	0.43	0.57 	0.39	0.51	0.54 	0.67	0.71	0.86 	0.97	0.99	0.99 	0.99
29	0.54	-- 	0.49	0.61	0.63 	0.76	0.81	0.93 	1.00	1.00	0.97 	0.96
30	0.64	-- 	0.59	0.70	0.72 	0.84	0.89	0.98 	0.99	0.98	0.92 	0.91
31	0.73	-- 	0.68	--	0.81 	--	0.95	1.00 	--	0.94	-- 	0.85