Day 	Jan.	Feb.	Mar. 	Apr.	May	June 	July	Aug.	Sep. 	Oct.	Nov.	Dec.
01	0.78	0.69 	0.75	0.62	0.55 	0.36	0.27	0.12 	0.04	0.03	0.00 	0.00
02	0.70	0.60 	0.66	0.52	0.44 	0.25	0.18	0.06 	0.01	0.01	0.00 	0.01
03	0.61	0.50 	0.57	0.41	0.33 	0.16	0.10	0.02 	0.00	0.00	0.02 	0.03
04	0.52	0.40 	0.46	0.30	0.23 	0.08	0.05	0.00 	0.01	0.01	0.06 	0.08
05	0.42	0.30 	0.36	0.20	0.13 	0.03	0.01	0.00 	0.03	0.04	0.11 	0.14
06	0.32	0.21 	0.26	0.11	0.06 	0.00	0.00	0.02 	0.08	0.09	0.18 	0.23
07	0.23	0.12 	0.16	0.05	0.02 	0.00	0.01	0.06 	0.13	0.15	0.27 	0.32
08	0.15	0.06 	0.09	0.01	0.00 	0.03	0.05	0.11 	0.20	0.23	0.37 	0.43
09	0.08	0.02 	0.03	0.00	0.01 	0.07	0.10	0.18 	0.29	0.32	0.47 	0.54
10	0.03	0.00 	0.00	0.02	0.05 	0.13	0.16	0.26 	0.38	0.42	0.58 	0.65
11	0.01	0.02 	0.01	0.07	0.10 	0.21	0.24	0.35 	0.48	0.52	0.69 	0.76
12	0.01	0.06 	0.04	0.14	0.18 	0.30	0.32	0.44 	0.58	0.63	0.79 	0.85
13	0.03	0.13 	0.10	0.23	0.26 	0.39	0.41	0.54 	0.68	0.74	0.88 	0.92
14	0.09	0.22 	0.18	0.32	0.36 	0.48	0.51	0.64 	0.78	0.83	0.95 	0.97
15	0.17	0.33 	0.28	0.42	0.45 	0.57	0.60	0.73 	0.86	0.91	0.99 	1.00
16	0.26	0.43 	0.38	0.52	0.55 	0.67	0.69	0.82 	0.93	0.97	1.00 	0.99
17	0.37	0.54 	0.48	0.62	0.64 	0.75	0.78	0.90 	0.98	1.00	0.98 	0.96
18	0.48	0.64 	0.59	0.71	0.73 	0.83	0.86	0.95 	1.00	1.00	0.94 	0.92
19	0.59	0.74 	0.68	0.79	0.81 	0.90	0.93	0.99 	0.99	0.96	0.87 	0.85
20	0.70	0.82 	0.77	0.86	0.88 	0.95	0.97	1.00 	0.95	0.91	0.79 	0.77
21	0.79	0.89 	0.84	0.92	0.93 	0.99	1.00	0.98 	0.88	0.83	0.70 	0.68
22	0.87	0.94 	0.91	0.96	0.97 	1.00	0.99	0.93 	0.79	0.74	0.60 	0.59
23	0.93	0.98 	0.95	0.99	1.00 	0.99	0.97	0.85 	0.69	0.64	0.51 	0.49
24	0.97	1.00 	0.98	1.00	1.00 	0.95	0.91	0.76 	0.59	0.54	0.41 	0.40
25	0.99	1.00 	1.00	0.99	0.98 	0.89	0.83	0.66 	0.48	0.43	0.32 	0.31
26	1.00	0.98 	1.00	0.96	0.93 	0.81	0.74	0.54 	0.38	0.34	0.24 	0.23
27	0.98	0.95 	0.97	0.91	0.87 	0.71	0.63	0.43 	0.28	0.25	0.16 	0.15
28	0.95	0.90 	0.93	0.84	0.79 	0.61	0.51	0.33 	0.20	0.17	0.10 	0.09
29	0.91	0.83 	0.88	0.76	0.69 	0.49	0.40	0.24 	0.13	0.11	0.05 	0.04
30	0.84	-- 	0.81	0.66	0.58 	0.38	0.30	0.16 	0.07	0.06	0.02 	0.01
31	0.77	-- 	0.72	--	0.47 	--	0.20	0.09 	--	0.02	-- 	0.00
