Day 	Jan.	Feb.	Mar. 	Apr.	May	June 	July	Aug.	Sep. 	Oct.	Nov.	Dec.
01	0.01	0.08 	0.01	0.10	0.15 	0.29	0.33	0.45 	0.57	0.60	0.74 	0.78
02	0.05	0.15 	0.06	0.18	0.24 	0.39	0.42	0.55 	0.67	0.70	0.83 	0.87
03	0.11	0.25 	0.12	0.28	0.34 	0.49	0.52	0.64 	0.76	0.79	0.91 	0.94
04	0.19	0.35 	0.21	0.38	0.44 	0.58	0.61	0.73 	0.84	0.87	0.96 	0.98
05	0.28	0.46 	0.31	0.49	0.54 	0.68	0.70	0.81 	0.91	0.94	0.99 	1.00
06	0.39	0.58 	0.42	0.60	0.64 	0.76	0.79	0.88 	0.96	0.98	1.00 	0.98
07	0.50	0.68 	0.54	0.70	0.73 	0.84	0.86	0.94 	0.99	1.00	0.97 	0.94
08	0.61	0.78 	0.64	0.78	0.81 	0.90	0.92	0.98 	1.00	0.99	0.91 	0.87
09	0.72	0.86 	0.74	0.86	0.88 	0.95	0.96	1.00 	0.98	0.95	0.83 	0.79
10	0.82	0.93 	0.83	0.92	0.94 	0.98	0.99	0.99 	0.93	0.88	0.74 	0.69
11	0.90	0.97 	0.90	0.96	0.97 	1.00	1.00	0.97 	0.86	0.80	0.63 	0.59
12	0.95	1.00 	0.95	0.99	0.99 	0.99	0.98	0.91 	0.77	0.69	0.53 	0.49
13	0.99	1.00 	0.98	1.00	1.00 	0.97	0.95	0.84 	0.66	0.59	0.42 	0.39
14	1.00	0.98 	1.00	0.99	0.98 	0.93	0.89	0.75 	0.55	0.47	0.32 	0.30
15	0.99	0.94 	1.00	0.96	0.95 	0.87	0.82	0.64 	0.44	0.37	0.23 	0.22
16	0.95	0.89 	0.97	0.92	0.90 	0.79	0.72	0.53 	0.33	0.27	0.16 	0.14
17	0.90	0.83 	0.93	0.86	0.83 	0.69	0.62	0.41 	0.23	0.18	0.09 	0.08
18	0.84	0.75 	0.88	0.79	0.75 	0.59	0.50	0.30 	0.15	0.11	0.05 	0.04
19	0.76	0.66 	0.81	0.70	0.66 	0.48	0.39	0.20 	0.08	0.06	0.02 	0.01
20	0.67	0.57 	0.73	0.61	0.56 	0.37	0.28	0.12 	0.03	0.02	0.00 	0.00
21	0.58	0.48 	0.64	0.51	0.45 	0.26	0.18	0.06 	0.01	0.00	0.01 	0.01
22	0.49	0.38 	0.55	0.40	0.34 	0.16	0.10	0.02 	0.00	0.00	0.03 	0.04
23	0.39	0.28 	0.45	0.30	0.23 	0.09	0.04	0.00 	0.01	0.02	0.07 	0.08
24	0.30	0.20 	0.35	0.20	0.14 	0.03	0.01	0.01 	0.05	0.06	0.12 	0.14
25	0.22	0.12 	0.25	0.12	0.07 	0.00	0.00	0.03 	0.09	0.11	0.19 	0.22
26	0.14	0.06 	0.16	0.05	0.02 	0.01	0.02	0.08 	0.16	0.17	0.28 	0.31
27	0.08	0.02 	0.09	0.01	0.00 	0.03	0.06	0.14 	0.23	0.25	0.37 	0.41
28	0.03	0.00 	0.03	0.00	0.01 	0.09	0.11	0.21 	0.31	0.34	0.47 	0.52
29	0.00	-- 	0.00	0.02	0.05 	0.15	0.19	0.29 	0.41	0.43	0.58 	0.63
30	0.00	-- 	0.00	0.07	0.12 	0.24	0.27	0.38 	0.50	0.53	0.68 	0.74
31	0.03	-- 	0.04	--	0.20 	--	0.36	0.48 	--	0.64	-- 	0.84
